500
100
50 50
199
60 40
771
33 17
99
123 84
742
213 260
656
243 273
191
27 53
837
187 206
702
74 357
237
145 258
404
300 200
88
40 141
144
107 331
841
476 411
636
82 287
222
362 392
441
228 262
422
378 396
312
420 124
285
373 449
189
268 317
612
351 5
248
154 13
130
57 49
353
31 204
614
251 186
858
495 133
334
287 25
465
442 496
516
85 143
380
148 254
196
346 381
715
442 245
177
312 427
858
130 107
751
168 329
165
116 371
320
164 355
465
20 314
822
41 38
281
257 353
526
466 325
157
409 234
487
21 411
474
495 169
818
458 263
100
282 275
550
31 468
856
307 290
118
138 470
156
322 431
435
281 338
985
48 443
622
39 475
622
435 442
366
432 351
953
279 21
55
30 55
423
264 218
641
121 299
485
414 119
684
197 221
633
220 195
283
133 437
445
6 45
117
189 78
541
72 225
302
473 402
152
248 2
19
157 333
32
154 470
255
94 427
575
405 393
186
208 102
152
412 344
568
483 384
423
99 374
922
390 471
727
232 453
891
292 362
407
159 36
965
89 473
214
85 64
360
463 426
841
138 98
843
499 367
432
181 193
892
363 255
693
339 491
36
385 274
355
84 305
285
302 235
774
189 291
905
158 238
722
321 168
239
153 366
487
485 335
751
498 34
887
242 251
78
60 277
350
9 400
84
336 465
807
194 450
117
370 271
929
446 178
625
486 248
459
332 446
244
369 439
35
265 212
551
155 344
191
211 440
66
131 420
325
64 61
718
206 113
710
268 392
691
83 369
414
275 12
629
45 347
309
10 342
256
409 317
298
182 25
475
164 143
539
428 142
336
65 304
255
313 209
627
22 126
560
399 393
664
238 173
124
112 360
473
141 144
103
425 80
815
483 353
517
71 325
962
259 460
430
403 413
12
75 454
909
388 447
98
470 236
17
54 297
139
75 124
546
82 234
187
102 355
437
87 374
312
7 131
936
33 8
628
99 490
113
425 211
179
254 51
769
89 149
695
218 333
243
324 60
900
362 107
100
137 198
362
357 180
629
301 467
270
379 23
142
6 468
296
395 256
245
418 452
5
490 398
612
284 42
159
113 309
98
278 43
304
377 35
749
31 196
403
32 183
207
437 246
251
174 477
85
221 136
49
430 384
546
292 472
977
423 201
207
138 428
217
347 279
122
112 358
238
51 308
76
484 30
40
267 456
609
331 317
45
349 332
65
320 56
637
45 476
670
146 62
570
424 356
978
290 299
235
322 219
588
226 369
320
365 314
405
176 105
270
426 241
585
44 174
557
301 187
406
334 301
821
83 301
370
42 436
660
378 15
973
172 408
495
314 129
384
235 499
764
455 342
910
111 387
398
61 107
606
283 319
126
103 223
564
408 80
285
477 1
113
242 101
438
271 180
144
346 357
413
413 143
850
395 182
776
227 326
664
62 5
168
471 492
293
356 24
903
495 388
680
327 284
23
96 67
741
94 453
959
451 35
911
403 58
19
172 386
951
50 431
509
448 399
70
343 362
974
182 214
267
206 316
425
184 349
449
338 91
127
308 92
882
93 195
505
331 9
138
204 189
115
245 38
191
109 206
421
66 457
229
60 266
689
100 439
229
224 110
922
442 141
339
155 166
974
316 411
122
159 76
136
179 394
16
152 421
19
151 363
630
254 30
108
311 128
596
226 371
585
366 113
516
50 67
602
48 381
265
361 475
581
442 211
976
386 167
526
145 261
953
457 179
445
437 264
448
322 214
317
161 96
209
234 293
35
345 249
502
267 201
834
366 362
335
381 276
897
63 302
684
65 319
157
262 319
675
394 198
349
342 438
253
61 123
658
139 3
941
492 483
790
339 73
303
276 197
28
156 141
150
148 139
606
435 444
85
180 68
498
240 226
853
74 425
774
122 12
572
445 198
867
35 364
772
89 428
457
136 338
563
439 420
980
118 470
617
244 18
321
354 392
566
34 313
302
14 427
904
447 472
996
229 345
331
293 253
905
409 384
835
63 147
611
152 18
489
436 203
298
395 36
59
46 385
599
135 358
716
39 333
487
211 448
856
302 292
571
12 338
298
135 306
889
433 206
722
285 52
825
167 95
16
50 66
71
108 467
512
401 30
300
368 71
307
6 110
971
283 6
587
474 418
982
106 176
955
328 214
309
9 47
689
200 61
978
229 169
560
392 422
382
110 122
851
184 124
810
384 229
231
186 499
142
286 464
220
80 183
238
465 24
602
468 344
776
22 414
248
32 389
499
481 432
484
26 141
842
482 338
703
116 123
628
416 297
596
279 236
898
438 484
598
209 286
633
498 173
690
23 100
831
319 364
989
296 80
488
123 469
240
326 475
614
464 441
98
297 87
361
346 301
543
382 190
912
438 58
629
113 405
286
379 376
734
184 86
424
320 20
605
255 368
992
316 45
280
258 49
59
278 468
223
308 50
576
177 225
183
199 16
570
160 153
908
311 83
525
132 363
595
414 433
446
412 350
393
6 220
687
494 346
366
495 134
536
74 337
946
427 264
73
277 43
216
39 331
849
99 315
868
172 181
235
140 26
696
480 379
938
260 302
133
231 295
605
94 139
531
416 494
237
234 418
196
427 236
345
235 425
879
277 498
904
396 264
327
350 85
459
476 228
581
133 68
445
389 351
102
184 373
697
71 296
640
353 420
269
332 28
318
344 306
148
73 431
86
274 457
427
86 225
241
320 328
620
47 40
791
89 46
47
127 112
325
398 217
937
467 408
947
369 153
12
69 484
897
282 84
630
487 15
528
235 22
856
251 84
917
363 256
758
192 51
395
376 255
344
211 426
638
165 78
873
433 352
275
117 381
168
155 380
301
246 49
144
455 40
414
30 336
145
427 75
886
460 459
538
330 215
722
131 310
63
248 43
978
401 278
676
271 358
325
332 232
128
209 190
653
82 141
525
73 349
781
352 439
904
32 461
893
164 415
153
104 343
873
366 435
461
84 237
58
158 407
2
405 333
42
247 491
237
405 232
10
377 30
562
67 173
66
169 332
724
365 352
262
60 473
363
246 204
101
191 343
80
466 428
80
421 52
790
326 498
367
408 155
932
20 8
541
194 347
715
82 74
611
243 17
818
2 206
445
292 288
853
23 217
369
225 47
883
462 130
276
254 37
233
481 330
357
126 376
191
442 246
48
493 432
239
64 428
826
245 254
124
322 403
589
315 30
618
23 318
525
6 431
432
302 21
71
415 274
865
123 387
705
486 158
232
323 134
480
156 104
292
203 182
272
166 291
118
304 332
829
397 303
250
163 99
694
386 487
4
64 30
323
375 218
208
124 293
971
426 468
888
322 228
384
255 44
34
3 442
260
66 121
642
444 160
745
96 414
569
243 163
405
247 58
106
482 161
