11101111011110010100101010000000010000011110100101111011101110000
00100010011010000101000101111110011000110010111001001
001000001011110101101010
00010001
010110010011001100011110010101000011101100111011000101000011010101000100010
110001111100101010110100010110110000001110110111
100100001100001000110110011101101011111011110001010100111001010011011001011000011010101111000010
111100011010000010
110110000001000111111110110111001111110
00111000100000110010101101
1011001100111011101110110011011110101100010000100010010111011000101011000111110001010110
1101011100110
0111101001000110000011011111001010100100111010100
01
1001101111100001011010010
11111100011010110010101
11010111110
01000111
101110100100101001010111001001110000
01101011011000100010010000
0101001000010001101111001011000100011110011010010101011111011111110101111010000000011001100101
101100011000010110011010110111010110100011100001111111110011100110000011111100111111011
1011111010
1
101101100010001000000010010010110001000
01110101011011101111001
1000010011001111101011111101100010111100001110110001
0000001101
00000111101111001100010110110010011100001011010000100010111011000
11101000000111011000101101110000001000011
11011110110101100001011
00010010101111101101001
10001000001110001001100110110100110110110010111101100100110011110
010
11000111001101011001011110000011000010010101011111001011011110100110010110100
001011111000000111000001011011011101000010101100000000010111110110011010001
10010101100000101100110110010010110100111100011011110100000000
0011100000011100001010111000111101110010111011101011100010001
0011000001100010000110100110011001001110000001011110111111010101101000011001001011111001
1000101000
000101001111110010100000100110011011011010001000011
011001000010110101100100000110110111
11000000000101001101001111101000111110000010001110000011101000101011111
1011110111111101001
011010111110010001
110011100101011101
1101010100110001110100101110000111010011111011101000101110111100010000
0111100011101011001111111
0011011100
0100111010
10
0
00001011001011011100110110010111011101100
001111001101101011011110001111010
011111001000101001101010111111101111111000110111000001100001100101111000111011
11000110000100000100101000111111100111000110100111100100111101011010101
001010100111
0
1101011101111011100100010110001011101100000011011110100000001011100011001101000000
100010100101000100101111110011010010
101110111
110100000
0010111011001011001100100001000011000110011101100110100011000111010
1011001010101001000011001001011010011110000111101101100
111100010111110111010010011111001110
1111111111100011100010110101
1100101011011001110011110111110110000000100101111100010101101001000000000000
1000101000001100111010000010101011101101110010001011001000010010101010001101
001011000110101010111111000111110
10010111010001110
1100111000101011001100101101001111110110011110100000101011101001111001011110011000000
01110000001000011100011010100011001110110011011011101111011
1010111010111010101010100101111011111011000110011010010001010010110100100101100001100110010000
000001010
10110010100111110011101111101011111101100100000111110
010101001
10110000101000110110010110011110001111110
00000001010101011101001111
0100100000111000100010011000010100010111100001
0110001011010000001010100001011111
1010011000000101100111011
1011
101000101111111101101100110001001000101100100110000101110111101111100101
011000101111001101111011101000111100101110110001000110111000111001111110
1000010101011101010000111010010011111000010001
001000001100011011001100
110010010000100010010100110010
1110010011011
1001110111000111111001111100111011100010110
0101
0011110011101101011110111110000111
001110
000001111100010111111011110111001001101000111110100001110000110010110110101100100110
010000000100100011010110011101100111010101001100110111001011110
011011011111011001100100010110101010101111110011100111100111011101100101000011001001
0100101001111010111001001100110111111111000001110000011100001101111
100111011
010101
111100011111101101001111101111111000000101010110111010001010001110100000110010000011100000010000010
100010111111111000000101000110010
10001111110000100011000110101010111111
100001001101011101101
010010111011
1111010
1111001001011001111100010100100100001111110001000001110100011110011001001
0110100100110110101011010101011001100101011011100000001000111000010101
1011101000111011011110101000101001110110101011110000
01010100001101001111011011110111100010
00110111101100010110111101000101111011101100111000
011111000011001011100000110001111
0010010100110110100111101000010100010101
1001011100111000000010
11010101100000000010100001111101011011110111011111001001001100
0000100111110011010111111010010100111100010
000100000100111001111011010101101000000011100100110111010001000011100111111010111100011010100001
111000101000101010011101
01100000000010100000100110010001101
10100010010110101001111
101101000
000
0011100111010011100001000110111110000010101011110100100011111001010010000010001
1110011000101110010101001011011100
0111011011110011111000101110
11110111101101011111000000
0101110010100000100010100000010110110100100011111110101111000000000000110100
001100
001100001110001100001100101110111000010001010100111001010110111011001
10110011000000101111010
101111000101111011001011011000111001100001010
101111111000001010001111011010
110110100001111011001011001010110001010110010000000101110010111010101001010011101100001011100100
101101011101010011111010000011011100010100110111010011011000111010001101101100100010
100001011001001111010101001101100010000111110111000000010001001001100001000100101011
100101001010001010010100110100100101100110100000111010
1101000010110110110010010111
10111100011
10000111110110110010101111011110101110000101111110111111101101010001010100100101101100011010
110000111110110111000000011000101101000
110100000110101000
0
0011010001101000001111100001111111111101010010110000000011111110101111001101001000
001000001100001101011001001001101010001000110111101100
10100100101010110101000100100000011010001100100110100100000101100001000100100
000000100101001010001011001000011
10001110101110001010011001100100110010001010111
11111110011010010111010101111110001110111
01100011110101001000011011111100011101001011000100100111110101000100100000101101
11
1000000101101110100110101100111000011000000101101011
01
0101110010011001010010000110010100111110011001000111111
01101110100110011101110100
001101001111111110011011100100110110010110100110111110110110010001
0011010110111111100010001
0101
101
100001010011
110110
00100110000001
100101100101
0100010010100111000110111000
1000000001001
110100001110000110101001100110000010000000000101110011100011000000110
1000100100110001001000000011011010001011100110001000101
00110011
01
011001110000001011101100001001100011000100110001010101010100001110011100111110110
0001000111000000000110001100101000100
0110110011001000001001010110001100101001010011010010010100111100101010101101101001110010001
0011100001101
00011111011010010111
110000
11110000100110010101011011001101100011001110001000100100100011101110100
00000001001010
11010000011000001011111000001101011100010011
101001011110000011011110011001001
000110110110
000
11010101100101111101100111011
110000010
110101000101101110101101011
1010001101111000110
11011111110011001001100101110000111110000011010111011011011110111001001101000011001101101
00011100010001001101010100110000010101000101101110111100
0111011001110011100100100001100111000110010101001001100111011010001010000111010011010
00
1110011000000001011100001110110011101101101110100010001110111
00111110011110011110001
11000001101000011001111101011011010001100100010000001100110011000010100000011000011001101001
000000010101010110001010111011111001011001110001000111010111011001011011010110110100101
010110010111010111000010101111001101100011000101000100111101
1011000100011
11110101100011100000110111011101010000101
010110
10001111111000011000111011011011111110101111011000010001010001001111011011101000
1000101011111111010100000110011010001011110010011000101
01000101100100101111101100001101100111010111000100011010110000000101010111011000
11010101011000100100001001010001100011010000110100100111111001100001000001
01100110111010100010
011
111010011000010010111111000010101110110100110000011101011011111000111011101001000101001000001
0010101001111111101101000101110111100111100001011110110110010101
110101011011101111001001011101110101101101
0111000001000101
1111110011010000101011010000111
1010000001010010100
1
1
1010111101101010010100110110011101000000000000000110110010100110010000010111000010
011100011111101101111001101101010101110101101110100001001000101
00001011110100010010010001101011000010100011011001010111001110101010010
10100000001110100
101110001110000111001000001010100011110011111100010011010101101000001
0011010000001100111001010011100010
0100000001011011010110001110111011110001100100
001000011100011010100
1111010001010111001000111100010010100000010000111011000110110001111001010100000
10010010101110001011011101110001101100
0001111001111
1111
0001010000000
111100110011
11001010011110111111101010100101011110011111111010001111111111110011010110010110100101
01110100001111000101011000001000110101111101101101011001101011101101010110000010
001011001100101000001011011001101101111001111010100100010
1100000100100101010010100110000010001010
0010000111010011111100010100110101011110001100100111011111000000100010001011111100100101110010
1011111001011000011010111011110110111011010000110000010000101000010001010101111110101000100010
01101011111001001101100101110001011010111111001100011011001010010000111111101101001011011
00111011010110101000110000000101100111
101011110
011001
001001111000111101100010100111110101100011000000101011011000111101011010101100001000110111111100101
001000110011110101
11010011000011000011101001111011000010000111
1000101111111001010011100
1110111111110000100001100111101000110010001101100
1011
10011
11100
11010101010101100000000101101111011001100111111010001111010000111111110000111
11000010111110011000
110010110000110100001101001000001011100101
1001110
0000110110101100011110010101001
10011100
11011010010110110101001011011010110111000011011111011100111011100001001111101111010
111100
11010100000111000101111001
1111100001001100110111110
