11101111011110110111000100000101010110011100111110101110100111001
001000001011110101111011
010110010011001100011110011011010011010010010001100111111001010110111011001
100100001100001000110110011101101011111011110001010100111001010011011001011001010111001001000100
110110000001001111000010111101100101011
1011001100111011101110110011011110101100010000100010010111011000101011001001011100111100
0111101001000110000011011111001010100100111010101
1101101011111100001100111
11100000101
101110100110010100101111101100000000
0101001101110100110001111110011011011001001110110001101111011110010010101010100000000001100000
1011111011
101101100010001001110111101110100000001
1000010011001111101011111101100010111100001110111110
00000111101111001100011010011010100011100011111110010011000011011
11110001100101001110100
10001000001110001001100110110100110110110010111101100100110100000
11010011000101100000011111011110011111011000001011001011110110011100110000101
10110001100100001110001101011010100011010011111001010000010001
0011000001100010000110100110011001001110000001011110111111010101101000011001010100100001
000101001111110101101000111101000111111010111111010
11000000000101001101001111101000111110000010001110001111100000101001000
1001110100011101110
1101010100110001110100101110000111010011111100100101001100010110001111
1000010110
10
00001011011010101010100001110101101100110
011111100001011010001011100100110111110101101111110110011110001101100100010000
001010100111
1101011101111011100100010110001011101100000100000001000101010000010011000000010010
1100010111
0010111011010110010111001010000110001111111000000100101010110100110
111100100111110110110110000010000011
10101010011100110101101111010100001101110011000000111011101111011101010001101
001011000110101101010110011001100
1100111000101011001100101110111111111110111010111011001110111000101100111010000111011
1010111010111010101010100101111011111011000110011010010001010010110100100101100001100110011010
10110010100111110011101111101011111101100100011100111
10110000101000110110100001001001111001101
0100100000111110101101101000011110111001000000
1010011000000101101000110
1000001011111001011101000011010000101011011010111001100110000101001100011
1000010101011101010001000010100000010011011101
110010010000100100000111001101
1001110111000111111001111100111011100011011
0011110011101101011110111110010101
000001111100010111111101110111101110000011110010001110101011011100011101100110000100
011011011111011010001001100110000001111001011010100111011111101011101000100100111000
101010000
111100011111101101001111101111111000000101010110111010001010001111000011110001111011100101010110100
10001111110000100111010000010110101100
010100110101
1111111110000000110001101111001111011100011100011101110101100101011011110
1011101000111100110010110101111001010010100011010010
00110111101100011010110101011111010111110011000111
0010010100110110110001000101001100010111
11010101100000000010100110111011110110110110110001110000101110
000100000100111001111011010101101000000011100100110111010001000011101000110011100101000100111110
01100000000101000010111100111011100
101101000
0011100111010011100001000110111110000010101101100111101001101011111011011101101
1011010011100001010111101110
0101110010100000100010100000010110110100100011111110101111000000000001000000
001100001110001100001100101110111000010001010111101100010111101010011
101111000110000001001010011010001011011100100
110110100010101000101000011110101011011001101100011010101010001110000010001101111001111000000110
100001011001001111010101001110000111010010000001010101000101101111000111100101100101
1101000010110111001001111010
10000111110110110010101111011110101110000101111111000101110101001000001100101000110010000010
110100000110101000
0011010001101000001111100010001000001001100000001001001101101000111000000100110100
10100100101010110101000100100000011010001100100111001001001111101100001100111
10010010101100100100110000111010110000011001110
01100011110101001000011011111100011101001011000100100111110101000100100000110000
1000000101101110100110101100111000011000000101101100
0101110010011001010010000110100010110011001100110110011
001101001111111110011011100100110110010111000001110110110010100010
1010
100010001001
01001011100110
0100010010101000000111000001
110100001110001111001110010111001010000011011111111111001001001001011
00110100
011001110000001011101100001001100011000100110010011100010100010100101001100111010
0110110011001000001001010110001100101001010011010010010100111100101010101101101101010011110
00011111011011000111
11110000100110010101011011001101100011001110001000100100100011110111110
11010000011101010111101000101001001111011100
000110110110
11010101100101111110010111101
110101001111111100100110001
11011111110011001001100101110001000001100101100001000110000100111011110101110001000101001
0111011001110011100100100001100111000110010101001001100111011010001010000111010011010
1110011000000001011100001110110011101110101101000000101101000
11000001101011000100101110110010110000101111011110010101101101111101101011110011010000001110
010110010111010111000010101111001101100011000110011101100000
11110101100011100000110111011101010011011
10001111111000011000111100100001011110101001111001000100100010101101101110101101
01001000111010001000010000010110111000111010010101001111010111111110111000011001
01100110111010100101
111010011000010010111111000011000100000100101110000110001010110101110111110100111011111010110
110101011011101111001001100100110110110010
1111110011011010101100100011011
10
1010111101101010011000011010011010101111001101110001100001010100000100100000000111
00001011110100010010010001101011000010100011011001011001101110111000110
101110001110000111001000001010100100001101111101111010100000000100011
0100000001011011010110001111111111010100111000
1111010001010111001000111100010010100000100011010000111000001101100111100001100
0001111011110
1000110110011
11001100010011001110101111111101100111010101110111111101011001011111000011101100100111
001011001100101001101011111110011000001110101010110101100
1110000000101100010111010000101100011001011101010111101111101000110011100001111011001110010100
01101011111001001101100101110001011010111111001100100010100101000110000101101101111000010
101110111
001001111000111101100010100111110101100011000000101011011000111101011010101100001001111110011011010
11010011000011000100101111111010001100100011
1110111111110000100001100111101000110010001110111
101111
11010101010101100000000101101111011001100111111010001111101001010111100011111
110010110000110100001101001000001100110011
0000110110101100011110101000101
11011010010110110101001011011010110111000011011111011100111011100001001111110110110
101010000010000101100110111
