5
1 2 3
2 1 5
3 4 5 1
4 3 5
5 2 3 4
1 2
2 5
3 1 4
4 5
5 3
1 2
5
1 2 3
2 1 5
3 4 5 1
4 3 5
5 2 3 4
1 2
2 5
3 1 4
4 5
5 3
2 0
3
1 2
2 1 3
3 1 2
1 2
2 3
3 1
0 2
39
1 35 21 19 30 18 32 28 22 29 14 12 10 8 31 33 27 7 34 13 4 26 17 2 24 6 3 11 36
2 33 38 35 8 5 11 18 10 34 25 6 24 4 22 29 19 36 21 30 1 37 9 27 31 15 13 17 14 26 12 3 32 16 23 28 20 7
3 7 4 18 38 37 10 27 29 34 33 35 17 16 14 21 25 19 24 2 32 12 30 1 6 11 28 36 8 5 13 31 22 26
4 24 23 7 37 26 15 29 20 13 19 25 12 30 14 22 27 34 21 1 32 3 5 31 9 36 11 35 28 16 6 10 38 18 2 8 33 17
5 6 19 24 31
6 29 2 31 1 12 26 24 8 18 15 22 14 16 5
7 35 5 31 29 18 19 1 15 25 12 2 6 36 37 9 30 32 17 16 21 11 13 23 14 33 34 4 24 22 26 10 20 3 8 28 27 38
8 35 21 19 30 18 32 28 22 29 14 12 10 7 31 33 27 6 34 13 3 26 17 1 24 5 2 11 36
9 35 21 19 30 18 32 28 22 29 14 12 10 7 31 33 27 6 34 13 3 26 17 1 24 5 2 11 36
10 34 25 16 28 18 1 15 11 35 9 21 2 5 4 30 3 20 12 23 37 38 33 32 6 7 19 26 36 17 31 13 14 8 27 29 22 24
11 13 28 38 32 3 12 31 35 2 15 29 18 26 7 30 5 21 22 24 27 36 20 10 25 1 16 19 8 17 33 14 9 34 6 37 4 23
12 33 38 35 7 4 10 18 9 34 25 5 24 3 22 29 19 36 21 30 1 37 8 27 31 15 13 17 14 26 11 2 32 16 23 28 20 6
13 5 29 38 31 17 19 8 23 27 2 15 30 10 37 4 33 3 12 34 26 24 16 1 25 21 14 6 18 28 32 20 11 22 35 7 9 36
14 17 32 15 4 13 36 34 28 35 10 38 3 29 16 2 31 1 19 6 21 9 20 11 27 24 18 22 12 26 30 7 37 25 23 5 8 33
15 25 20 36 5 8 30 18 21 17 27 32 35 23 38 11 12 29 7 13 6 31 4 26 9 3 34 28 16 24 1 33 37 14 19
16 36 18
17 28 25 37 34 5 22 24 21 7 32 4 10
18 1 34 13 22 32 19
19 2 24 9 1 29 14 22 7 37 27 16 35 34 6 8 26 20 5 38 36 25 31 21 4 10 33 23 30 28 3 32 18 13 11 17 12 15
20 10 38 25 17 23 7 9 26 13 32 24 12 30 2 14 11 5 4 16 28 37 18 33 6 31 21 1 8 27 15 3 36 22 29 35 34 19
21 23 26 7 36 12 29 10 25 24 13 2 30 5 35 22 34 9 37 27 1 8 6 33 17 19 20 4 38 16 3 28 32 18 11 31 15 14
22 1 13 3 33 26 31 16 37 38 28 20 21 24 14 19 23 9 8 25 18 12 36 5 17 6 35 4 30 27 2 15 34 7 11 29 32 10
23 5 33 27 4 21 11 18 38 34 16 15 19 31 22 10 1 30 17 9 13 36 24 32 29 25 6 28 3 20 26 8 14 7 35 37 12 2
24 29 2 31 1 11 26 23 7 17 14 21 13 15 5
25 5 33 27 4 21 11 18 38 34 16 15 19 31 22 10 1 30 17 9 13 36 23 32 29 24 6 28 3 20 26 8 14 7 35 37 12 2
26 30 31 36 1 35 38 14 7 25 10 24 33 28 29 32 9 37 18 8 4 20 6 3 2 23 16 11 21 22 17 13 34 19 5 15 12 27
27 21 13 34 10 15 38 14 1 9 17 37 25 4 6 31 19 24 30 26 36 12 28 29 33 16 8 3 5 11 7 35 18 2 32 22 23 20
28 15 25 10 23 18 37 19 29 8 30 9 13 36 5 35 20 11 7 17 31 26 3 21 33 4 38 34 27 32 12 2 22 24 6 14 1 16
29 22 25 7 36 12 28 10 24 23 13 2 30 5 35 21 34 9 37 26 1 8 6 33 17 19 20 4 38 16 3 27 32 18 11 31 15 14
30 25 13 32 28 5 19 21 1 9 34 24 2 7 20 18 22 26 10 3 6 15 33 14 36 16
31 5 18 23 30
32 12 27 34 3 18 11 8 24 9 19 13 35 23 33 5 25 30 15 20 22 21 28 2 38 7 10 26 1 6 37
33 36 12 21 19 3 1 17 11 31 10 23 38 32 18 2 26 25 28 14 13 29 6 34 24 9 15 5 35 4 30 7 22 37 20 27 16 8
34 14 20 10 7 21 29 11 12 38 31 13 9 37 19 35 30 18 4 26 3 1 2 36
35 28 13 22 15 31 29 26 7 6 36 10 23 12 5 33
36 38 8 34 5 17 35 13 32 7
37 21 12 17 29 30 13 19 25 22 24 34 7 6 10 33 1 9 36 14 18 20 38 15 11 5 23 4 8 27 3 26 2 31 28 16 32 35
38 7 28 27 17 10 15 29 21 16 3 14 23 26 5 1 9 36 18 2 32 4 33 22 8 37 13 24 12 20 19 6 11 34 31 30 25 35
39 23 8 18 17 29 16 9 33 30 25 6 22 10 3 19 11 38 20 35 24 1 21 15 5 32 28 12 4 37 26 31 13 2 34 27 14 7 36
1 35 21 19 30 18 32 28 22 29 14 12 10 8 31 33 27 7 34 13 4 26 17 2 24 6 3 11 36
2 33 38 35 8 5 11 18 10 34 25 6 20 7
3 7 4 18 38 37 10 27 1 6 11 28 36 8 5 13 31 22 26
4 24 23 7 37 26 15 29 20 13 19 25 12 30 14 22 27 34 21 1 32 3 5 31 9 36 11 35 28 16 6 10 38 18 2 8 33 17
5 6 19 24 31
6 29 2 31 1 12 26 24 8 18 15 22 14 16 5
7 35 5 31 29 18 19 1 15 25 12 2 3 8 28 27 38
8 35 21 19 30 18 32 28 22 29 14 12 10 7 31 33 27 6 34 13 3 26 17 1 24 5 2 11 36
9 35 21 19 30 18 11 36
10 34 25 16 28 18 1 15 11 35 9 21 2 5 4 30 3 20 12 23 37 38 33 32 6 7 19 26 36 17 31 13 14 8 27 29 22 24
11 13 28 38 32 3 12 31 35 2 15 29 9 34 6 37 4 23
12 33 38 35 7 4 10 18 9 34 25 5 24 3 22 29 19 36 21 30 1 37 8 27 31 15 13 17 14 26 11 2 32 16 23 28 20 6
13 5 29 38 31 17 19 8 23 27 2 15 30 7 9 36
14 17 32 15 4 13 36 34 28 35 10 38 3 29 16 2 31 1 19 6 21 9 20 11 27 24 18 22 12 26 30 7 37 25 23 5 8 33
15 25 20 36 5 8 30 18 21 17 27 32 35 23 38 11 12 29 7 13 6 31 4 26 9 3 34 28 16 24 1 33 37 14 19
16 36 18
17 28 25 37 34 5 22 24 21 7 32 4 10
18 1 34 13 22 32 19
19 2 24 9 1 29 14 22 7 37 27 16 35 34 6 8 26 20 5 38 36 25 31 21 4 10 33 23 30 28 3 32 18 13 11 17 12 15
20 10 38 25 17 23 7 9 26 13 32 24 12 30 2 14 11 5 4 16 28 37 18 33 6 31 21 1 8 27 15 3 36 22 29 35 34 19
21 23 26 7 36 12 15 14
22 1 13 3 33 26 31 16 37 38 28 20 21 24 14 19 23 9 8 25 18 12 36 5 17 6 35 4 30 27 2 15 34 7 11 29 32 10
23 5 33 27 4 21 11 18 38 34 16 15 19 31 22 10 1 30 17 9 13 36 24 32 29 25 6 28 3 20 26 8 14 7 35 37 12 2
24 29 2 31 1 11 26 23 7 17 14 21 13 15 5
25 5 33 27 4 21 11 18 38 34 16 15 19 31 22 10 1 30 17 9 13 36 23 32 29 24 6 28 3 20 26 8 14 7 35 37 12 2
26 30 31 36 1 35 38 14 7 25 10 24 33 28 29 32 9 37 18 8 4 20 6 3 2 23 16 11 21 22 17 13 34 19 5 15 12 27
27 21 13 34 10 15 8 3 5 11 7 35 18 2 32 22 23 20
28 15 25 10 23 18 37 19 29 8 30 9 26 3 21 33 4 38 34 27 32 12 2 22 24 6 14 1 16
29 22 25 7 36 12 28 10 24 23 13 2 30 5 35 21 34 9 37 26 1 8 6 33 17 19 20 4 38 16 3 27 32 18 11 31 15 14
30 25 13 32 28 5 19 21 1 9 34 24 2 7 20 18 22 26 10 3 6 15 33 14 36 16
31 5 18 23 30
32 12 27 34 3 18 11 8 24 9 19 13 35 23 33 5 25 30 15 20 22 21 28 2 38 7 10 26 1 6 37
33 36 12 21 19 3 1 17 11 4 24 9 15 5 35 4 30 7 22 37 20 27 16 8
34 14 20 10 7 21 29 11 12 38 31 13 9 37 19 35 30 18 4 26 3 1 2 36
35 28 13 22 15 31 29 26 7 6 36 10 23 12 5 33
36 38 8 34 5 17 35 13 32 7
37 21 12 17 29 30 13 19 25 22 24 34 7 6 10 33 1 9 36 14 18 20 38 15 11 5 23 4 8 27 3 26 2 31 28 16 32 35
38 7 28 27 17 10 15 29 21 16 3 14 23 2 32 4 33 22 8 37 13 24 12 20 19 6 11 34 31 30 25 35
39 23 8 18 17 29 16 9 33 30 25 6 22 10 3 19 11 38 20 35 24 1 21
1 1
39
1 35 21 19 30 18 32 28 22 29 14 12 10 8 31 33 27 7 34 13 4 26 17 2 24 6 3 11 36
2 33 38 35 8 5 11 18 10 34 25 6 24 4 22 29 19 36 21 30 1 37 9 27 31 15 13 17 14 26 12 3 32 16 23 28 20 7
3 7 4 18 38 37 10 27 29 34 33 35 17 16 14 21 25 19 24 2 32 12 30 1 6 11 28 36 8 5 13 31 22 26
4 24 23 7 37 26 15 29 20 13 19 25 12 30 14 22 27 34 21 1 32 3 5 31 9 36 11 35 28 16 6 10 38 18 2 8 33 17
5 6 19 24 31
6 29 2 31 1 12 26 24 8 18 15 22 14 16 5
7 35 5 31 29 18 19 1 15 25 12 2 6 36 37 9 30 32 17 16 21 11 13 23 14 33 34 4 24 22 26 10 20 3 8 28 27 38
8 35 21 19 30 18 32 28 22 29 14 12 10 7 31 33 27 6 34 13 3 26 17 1 24 5 2 11 36
9 35 21 19 30 18 32 28 22 29 14 12 10 7 31 33 27 6 34 13 3 26 17 1 24 5 2 11 36
10 34 25 16 28 18 1 15 11 35 9 21 2 5 4 30 3 20 12 23 37 38 33 32 6 7 19 26 36 17 31 13 14 8 27 29 22 24
11 13 28 38 32 3 12 31 35 2 15 29 18 26 7 30 5 21 22 24 27 36 20 10 25 1 16 19 8 17 33 14 9 34 6 37 4 23
12 33 38 35 7 4 10 18 9 34 25 5 24 3 22 29 19 36 21 30 1 37 8 27 31 15 13 17 14 26 11 2 32 16 23 28 20 6
13 5 29 38 31 17 19 8 23 27 2 15 30 10 37 4 33 3 12 34 26 24 16 1 25 21 14 6 18 28 32 20 11 22 35 7 9 36
14 17 32 15 4 13 36 34 28 35 10 38 3 29 16 2 31 1 19 6 21 9 20 11 27 24 18 22 12 26 30 7 37 25 23 5 8 33
15 25 20 36 5 8 30 18 21 17 27 32 35 23 38 11 12 29 7 13 6 31 4 26 9 3 34 28 16 24 1 33 37 14 19
16 36 18
17 28 25 37 34 5 22 24 21 7 32 4 10
18 1 34 13 22 32 19
19 2 24 9 1 29 14 22 7 37 27 16 35 34 6 8 26 20 5 38 36 25 31 21 4 10 33 23 30 28 3 32 18 13 11 17 12 15
20 10 38 25 17 23 7 9 26 13 32 24 12 30 2 14 11 5 4 16 28 37 18 33 6 31 21 1 8 27 15 3 36 22 29 35 34 19
21 23 26 7 36 12 29 10 25 24 13 2 30 5 35 22 34 9 37 27 1 8 6 33 17 19 20 4 38 16 3 28 32 18 11 31 15 14
22 1 13 3 33 26 31 16 37 38 28 20 21 24 14 19 23 9 8 25 18 12 36 5 17 6 35 4 30 27 2 15 34 7 11 29 32 10
23 5 33 27 4 21 11 18 38 34 16 15 19 31 22 10 1 30 17 9 13 36 24 32 29 25 6 28 3 20 26 8 14 7 35 37 12 2
24 29 2 31 1 11 26 23 7 17 14 21 13 15 5
25 5 33 27 4 21 11 18 38 34 16 15 19 31 22 10 1 30 17 9 13 36 23 32 29 24 6 28 3 20 26 8 14 7 35 37 12 2
26 30 31 36 1 35 38 14 7 25 10 24 33 28 29 32 9 37 18 8 4 20 6 3 2 23 16 11 21 22 17 13 34 19 5 15 12 27
27 21 13 34 10 15 38 14 1 9 17 37 25 4 6 31 19 24 30 26 36 12 28 29 33 16 8 3 5 11 7 35 18 2 32 22 23 20
28 15 25 10 23 18 37 19 29 8 30 9 13 36 5 35 20 11 7 17 31 26 3 21 33 4 38 34 27 32 12 2 22 24 6 14 1 16
29 22 25 7 36 12 28 10 24 23 13 2 30 5 35 21 34 9 37 26 1 8 6 33 17 19 20 4 38 16 3 27 32 18 11 31 15 14
30 25 13 32 28 5 19 21 1 9 34 24 2 7 20 18 22 26 10 3 6 15 33 14 36 16
31 5 18 23 30
32 12 27 34 3 18 11 8 24 9 19 13 35 23 33 5 25 30 15 20 22 21 28 2 38 7 10 26 1 6 37
33 36 12 21 19 3 1 17 11 31 10 23 38 32 18 2 26 25 28 14 13 29 6 34 24 9 15 5 35 4 30 7 22 37 20 27 16 8
34 14 20 10 7 21 29 11 12 38 31 13 9 37 19 35 30 18 4 26 3 1 2 36
35 28 13 22 15 31 29 26 7 6 36 10 23 12 5 33
36 38 8 34 5 17 35 13 32 7
37 21 12 17 29 30 13 19 25 22 24 34 7 6 10 33 1 9 36 14 18 20 38 15 11 5 23 4 8 27 3 26 2 31 28 16 32 35
38 7 28 27 17 10 15 29 21 16 3 14 23 26 5 1 9 36 18 2 32 4 33 22 8 37 13 24 12 20 19 6 11 34 31 30 25 35
39 23 8 18 17 29 16 9 33 30 25 6 22 10 3 19 11 38 20 35 24 1 21 15 5 32 28 12 4 37 26 31 13 2 34 27 14 7 36
1 35 21 19
2 33 7
3 7 4 26
4 24 23 7 8 33 17
5 6 19 24 31
6 29 2 31 1 12 26 24 8 18 15 22 14 16 5
7 35 5 31 29 18 19 1 15 25 12 2 3 8 28 27 38
8 35 21 19 30 18 32 28 22 29 14 12 10 7 31 33 27 6 34 13 3 26 17 1 24 5 2 11 36
9 35 21 19 30 18 11 36
10 34 25 24
11 13 28 38 32 3 12 31 35 2 15 29 9 34 6 37 4 23
12 33 38 23 28 20 6
13 5 29 38 31 36
14 17 32 15 4 13 5 8 33
15 25 20 36 5 37 14 19
16 36 18
17 28 25 37 34 5 22 24 21 7 32 4 10
18 1 34 13 22 32 19
19 2 24 9 1 29 17 12 15
20 10 38 25 17 23 7 9 26 13 32 24 12 30 2 14 11 5 4 16 28 37 18 33 6 31 21 1 8 27 15 3 36 22 29 35 34 19
21 23 26 7 36 12 15 14
22 1 13 3 33 26 3 10
23 5 33 27 4 21 11 18 38 34 16 15 19 31 22 10 1 30 17 9 13 36 24 32 29 25 6 28 3 20 26 8 14 7 35 37 12 2
24 29 2 31 1 11 26 23 7 17 14 21 13 15 5
25 5 33 27 4 21 14 7 35 37 12 2
26 30 31 36 1 35 38 14 7 25 10 24 33 28 29 32 9 37 18 8 4 20 6 3 2 23 16 11 21 22 17 13 34 19 5 15 12 27
27 21 13 34 10 15 8 3 5 11 7 35 18 2 32 22 23 20
28 15 25 10 16
29 22 25 7 15 14
30 25 13 32 28 5 19 21 1 9 34 24 2 7 20 18 22 26 10 3 6 15 33 14 36 16
31 5 18 23 30
32 12 27 34 3 18 11
33 36 12 21 19 3 1 17 11 4 24 9 15 5 35 4 30 7 22 37 20 27 16 8
34 14 20 10 7 21 1 2 36
35 28 13 33
36 38 8 34 5 17 35 13 32 7
37 21 12 35
38 7 28 27 25 35
39 23 8 18 17 29 16 9 33 30 25 6 22 10 3 19 11 38 20 35 24 1 21
2 3
39
1 35 21 19 30 18 32 28 22 29 14 12 10 8 31 33 27 7 34 13 4 26 17 2 24 6 3 11 36
2 33 38 35 8 5 11 18 10 34 25 6 24 4 22 29 19 36 21 30 1 37 9 27 31 15 13 17 14 26 12 3 32 16 23 28 20 7
3 7 4 18 38 37 10 27 29 34 33 35 17 16 14 21 25 19 24 2 32 12 30 1 6 11 28 36 8 5 13 31 22 26
4 24 23 7 37 26 15 29 20 13 19 25 12 30 14 22 27 34 21 1 32 3 5 31 9 36 11 35 28 16 6 10 38 18 2 8 33 17
5 6 19 24 31
6 29 2 31 1 12 26 24 8 18 15 22 14 16 5
7 35 5 31 29 18 19 1 15 25 12 2 6 36 37 9 30 32 17 16 21 11 13 23 14 33 34 4 24 22 26 10 20 3 8 28 27 38
8 35 21 19 30 18 32 28 22 29 14 12 10 7 31 33 27 6 34 13 3 26 17 1 24 5 2 11 36
9 35 21 19 30 18 32 28 22 29 14 12 10 7 31 33 27 6 34 13 3 26 17 1 24 5 2 11 36
10 34 25 16 28 18 1 15 11 35 9 21 2 5 4 30 3 20 12 23 37 38 33 32 6 7 19 26 36 17 31 13 14 8 27 29 22 24
11 13 28 38 32 3 12 31 35 2 15 29 18 26 7 30 5 21 22 24 27 36 20 10 25 1 16 19 8 17 33 14 9 34 6 37 4 23
12 33 38 35 7 4 10 18 9 34 25 5 24 3 22 29 19 36 21 30 1 37 8 27 31 15 13 17 14 26 11 2 32 16 23 28 20 6
13 5 29 38 31 17 19 8 23 27 2 15 30 10 37 4 33 3 12 34 26 24 16 1 25 21 14 6 18 28 32 20 11 22 35 7 9 36
14 17 32 15 4 13 36 34 28 35 10 38 3 29 16 2 31 1 19 6 21 9 20 11 27 24 18 22 12 26 30 7 37 25 23 5 8 33
15 25 20 36 5 8 30 18 21 17 27 32 35 23 38 11 12 29 7 13 6 31 4 26 9 3 34 28 16 24 1 33 37 14 19
16 36 18
17 28 25 37 34 5 22 24 21 7 32 4 10
18 1 34 13 22 32 19
19 2 24 9 1 29 14 22 7 37 27 16 35 34 6 8 26 20 5 38 36 25 31 21 4 10 33 23 30 28 3 32 18 13 11 17 12 15
20 10 38 25 17 23 7 9 26 13 32 24 12 30 2 14 11 5 4 16 28 37 18 33 6 31 21 1 8 27 15 3 36 22 29 35 34 19
21 23 26 7 36 12 29 10 25 24 13 2 30 5 35 22 34 9 37 27 1 8 6 33 17 19 20 4 38 16 3 28 32 18 11 31 15 14
22 1 13 3 33 26 31 16 37 38 28 20 21 24 14 19 23 9 8 25 18 12 36 5 17 6 35 4 30 27 2 15 34 7 11 29 32 10
23 5 33 27 4 21 11 18 38 34 16 15 19 31 22 10 1 30 17 9 13 36 24 32 29 25 6 28 3 20 26 8 14 7 35 37 12 2
24 29 2 31 1 11 26 23 7 17 14 21 13 15 5
25 5 33 27 4 21 11 18 38 34 16 15 19 31 22 10 1 30 17 9 13 36 23 32 29 24 6 28 3 20 26 8 14 7 35 37 12 2
26 30 31 36 1 35 38 14 7 25 10 24 33 28 29 32 9 37 18 8 4 20 6 3 2 23 16 11 21 22 17 13 34 19 5 15 12 27
27 21 13 34 10 15 38 14 1 9 17 37 25 4 6 31 19 24 30 26 36 12 28 29 33 16 8 3 5 11 7 35 18 2 32 22 23 20
28 15 25 10 23 18 37 19 29 8 30 9 13 36 5 35 20 11 7 17 31 26 3 21 33 4 38 34 27 32 12 2 22 24 6 14 1 16
29 22 25 7 36 12 28 10 24 23 13 2 30 5 35 21 34 9 37 26 1 8 6 33 17 19 20 4 38 16 3 27 32 18 11 31 15 14
30 25 13 32 28 5 19 21 1 9 34 24 2 7 20 18 22 26 10 3 6 15 33 14 36 16
31 5 18 23 30
32 12 27 34 3 18 11 8 24 9 19 13 35 23 33 5 25 30 15 20 22 21 28 2 38 7 10 26 1 6 37
33 36 12 21 19 3 1 17 11 31 10 23 38 32 18 2 26 25 28 14 13 29 6 34 24 9 15 5 35 4 30 7 22 37 20 27 16 8
34 14 20 10 7 21 29 11 12 38 31 13 9 37 19 35 30 18 4 26 3 1 2 36
35 28 13 22 15 31 29 26 7 6 36 10 23 12 5 33
36 38 8 34 5 17 35 13 32 7
37 21 12 17 29 30 13 19 25 22 24 34 7 6 10 33 1 9 36 14 18 20 38 15 11 5 23 4 8 27 3 26 2 31 28 16 32 35
38 7 28 27 17 10 15 29 21 16 3 14 23 26 5 1 9 36 18 2 32 4 33 22 8 37 13 24 12 20 19 6 11 34 31 30 25 35
39 23 8 18 17 29 16 9 33 30 25 6 22 10 3 19 11 38 20 35 24 1 21 15 5 32 28 12 4 37 26 31 13 2 34 27 14 7 36
1 35 21 19
2 33 7
3 7 4 26
4 24 23 7 8 33 17
5 6 19 24 31
6 29 2 31 1 12 26 24 8 18 15 22 14 16 5
7 35 5 31 29 18 19 1 15 25 12 2 3 8 28 27 38
8 35 21 19 30 18 32 28 22 29 14 12 10 7 31 33 27 6 34 13 3 26 17 1 24 5 2 11 36
9 35 21 19 30 18 11 36
10 34 25 24
11 13 28 38 32 3 12 31 35 2 15 29 9 34 6 37 4 23
12 33 38 23 28 20 6
13 5 29 38 31 36
14 17 32 15 4 13 5 8 33
15 25 20 36 5 37 14 19
16 36 18
17 28 25 37 34 5 22 24 21 7 32 4 10
18 1 34 13 22 32 19
19 2 24 9 1 29 17 12 15
20 10 38 25 17 23 7 9 26 13 32 24 12 30 2 14 11 5 4 16 28 37 18 33 6 31 21 1 8 27 15 3 36 22 29 35 34 19
21 23 26 7 36 12 15 14
22 1 13 3 33 26 3 10
23 5 33 27 4 21 11 18 38 34 16 15 19 31 22 10 1 30 17 9 13 36 24 32 29 25 6 28 3 20 26 8 14 7 35 37 12 2
24 29 2 31 1 11 26 23 7 17 14 21 13 15 5
25 5 33 27 4 21 14 7 35 37 12 2
26 30 31 36 1 35 38 14 7 25 10 24 33 28 29 32 9 37 18 8 4 20 6 3 2 23 16 11 21 22 17 13 34 19 5 15 12 27
27 21 13 34 10 15 8 3 5 11 7 35 18 2 32 22 23 20
28 15 25 10 16
29 22 25 7 15 14
30 25 13 32 28 5 19 21 1 9 34 24 2 7 20 18 22 26 10 3 6 15 33 14 36 16
31 5 18 23 30
32 12 27 34 3 18 11
33 36 12 21 19 3 1 17 11 4 24 9 15 5 35 4 30 7 22 37 20 27 16 8
34 14 20 10 7 21 1 2 36
35 28 13 33
36 38 8 34 5 17 35 13 32 7
37 21 12 35
38 7 28 27 25 35
39 23 8 18 17 29 16 9 33 30 25 6 22 10 3 19 11 38 20 35 24 1 21
0 2
100
1 97 21 58 82 41
2 96 39 42 57 90
3 93 34 79 12 14
4 7 56 54 38 36
5 2 75 38 57 43
6 81 24 62 66 58
7 90 46 68 37 12
8 69 52 38 15 16
9 75 32 23 51 53
10 53 62 36 88 40
11 57 97 65 87 90
12 64 80 5 93 46
13 39 11 53 80 91
14 27 1 36 37 11
15 12 36 40 74 73
16 17 98 66 6 29
17 1 89 81 10 4
18 84 26 85 90 21
19 67 73 78 56 83
20 82 96 73 7 66
21 63 1 12 37 16
22 29 3 58 60 73
23 70 29 77 98 28
24 34 86 1 82 71
25 27 52 5 33 51
26 5 82 42 93 28
27 95 4 89 7 20
28 88 39 84 22 14
29 47 55 52 16 99
30 38 47 90 97 79
31 10 35 16 48 12
32 28 15 55 37 20
33 97 59 22 48 36
34 84 64 49 55 16
35 53 96 63 31 45
36 53 6 14 91 71
37 19 63 71 33 87
38 87 65 72 78 6
39 67 26 54 73 38
40 63 19 57 26 86
41 59 54 85 97 51
42 6 54 7 60 24
43 98 44 77 90 73
44 76 64 92 21 38
45 21 65 14 28 66
46 8 74 69 92 70
47 82 62 16 68 63
48 56 65 19 24 98
49 12 26 9 47 57
50 83 82 89 64 3
51 84 18 15 9 10
52 70 80 86 81 73
53 21 55 97 32 30
54 75 10 21 88 90
55 58 73 24 8 13
56 39 18 82 71 99
57 19 38 64 53 7
58 69 38 75 36 66
59 47 15 99 83 60
60 40 89 25 66 78
61 88 91 68 95 63
62 48 20 82 99 55
63 9 94 50 83 16
64 34 13 4 24 50
65 92 43 15 72 94
66 49 18 16 2 56
67 7 74 8 17 87
68 7 53 22 40 35
69 60 96 54 14 51
70 1 38 98 82 79
71 67 52 56 12 42
72 34 84 35 88 69
73 1 88 36 79 19
74 35 42 34 77 18
75 99 69 80 31 78
76 39 79 29 38 60
77 71 33 27 81 15
78 19 48 61 94 45
79 30 8 46 63 4
80 92 27 25 54 41
81 36 11 91 14 28
82 9 40 37 95 70
83 50 12 46 19 43
84 23 59 94 27 39
85 93 88 38 53 10
86 17 83 37 35 78
87 86 32 17 89 30
88 40 16 50 73 99
89 91 71 69 76 86
90 29 30 93 98 75
91 54 81 99 13 64
92 60 10 77 85 70
93 78 49 29 37 67
94 3 66 75 22 73
95 33 78 18 25 15
96 11 52 9 70 35
97 39 21 94 37 62
98 84 49 72 4 52
99 42 76 27 79 7
100 61 82 97 69 62
1 97 41
2 96 39 42 57 90
3 93 34 79 12 14
4 7 56 54 38 36
5 2 75 38 57 43
6 81 58
7 90 46 68 37 12
8 69 16
9 75 32 23 51 53
10 53 62 36 88 40
11 57 90
12 64 80 5 93 46
13 39 11 53 80 91
14 27 1 36 37 11
15 12 36 40 74 73
16 17 98 66 6 29
17 1 89 81 10 4
18 84 26 85 90 21
19 67 83
20 82 96 73 7 66
21 63 1 12 37 16
22 29 3 58 60 73
23 70 29 77 98 28
24 34 86 1 82 71
25 27 52 5 33 51
26 5 82 42 93 28
27 95 4 89 7 20
28 88 39 84 22 14
29 47 55 52 16 99
30 38 47 90 97 79
31 10 35 16 48 12
32 28 15 55 37 20
33 97 59 22 48 36
34 84 64 49 55 16
35 53 96 63 31 45
36 53 6 14 91 71
37 19 63 71 33 87
38 87 65 72 78 6
39 67 26 54 73 38
40 63 19 57 26 86
41 59 54 85 97 51
42 6 54 7 60 24
43 98 44 77 90 73
44 76 64 92 21 38
45 21 65 14 28 66
46 8 74 69 92 70
47 82 68 63
48 56 65 19 24 98
49 12 26 9 47 57
50 83 82 89 64 3
51 84 18 15 9 10
52 70 80 86 81 73
53 21 55 97 32 30
54 75 10 21 88 90
55 58 13
56 39 18 82 71 99
57 19 38 64 53 7
58 69 38 75 36 66
59 47 15 99 83 60
60 40 89 25 66 78
61 88 91 68 95 63
62 48 20 82 99 55
63 9 94 50 83 16
64 34 13 4 24 50
65 92 43 15 72 94
66 49 18 16 2 56
67 7 74 8 17 87
68 7 53 22 40 35
69 60 96
70 1 38 98 82 79
71 67 52 56 12 42
72 34 84 35 88 69
73 1 88 36 79 19
74 35 42 34 77 18
75 99 69 80 31 78
76 39 79 29 38 60
77 71 33 27 81 15
78 19 48 61 94 45
79 30 8 46 63 4
80 92 27 25 54
81 36 11 91 14 28
82 9 40 37 95 70
83 50 12 46 19 43
84 23 59 94 27 39
85 93 88 38 53 10
86 17 83 37 35 78
87 86 32 17 89 30
88 40 16 50 73
89 91 71 69 76 86
90 29 30 93 98 75
91 54 81 99 13 64
92 60 70
93 78 49 29 37 67
94 3 66 75 22 73
95 33 78 18 25 15
96 11 52 9 70 35
97 39 21 94 37
98 84 49 72 4 52
99 42 76 27 79 7
100 61 82 97 69
1 5
100
1 97 21 58 82 41
2 96 39 42 57 90
3 93 34 79 12 14
4 7 56 54 38 36
5 2 75 38 57 43
6 81 24 62 66 58
7 90 46 68 37 12
8 69 52 38 15 16
9 75 32 23 51 53
10 53 62 36 88 40
11 57 97 65 87 90
12 64 80 5 93 46
13 39 11 53 80 91
14 27 1 36 37 11
15 12 36 40 74 73
16 17 98 66 6 29
17 1 89 81 10 4
18 84 26 85 90 21
19 67 73 78 56 83
20 82 96 73 7 66
21 63 1 12 37 16
22 29 3 58 60 73
23 70 29 77 98 28
24 34 86 1 82 71
25 27 52 5 33 51
26 5 82 42 93 28
27 95 4 89 7 20
28 88 39 84 22 14
29 47 55 52 16 99
30 38 47 90 97 79
31 10 35 16 48 12
32 28 15 55 37 20
33 97 59 22 48 36
34 84 64 49 55 16
35 53 96 63 31 45
36 53 6 14 91 71
37 19 63 71 33 87
38 87 65 72 78 6
39 67 26 54 73 38
40 63 19 57 26 86
41 59 54 85 97 51
42 6 54 7 60 24
43 98 44 77 90 73
44 76 64 92 21 38
45 21 65 14 28 66
46 8 74 69 92 70
47 82 62 16 68 63
48 56 65 19 24 98
49 12 26 9 47 57
50 83 82 89 64 3
51 84 18 15 9 10
52 70 80 86 81 73
53 21 55 97 32 30
54 75 10 21 88 90
55 58 73 24 8 13
56 39 18 82 71 99
57 19 38 64 53 7
58 69 38 75 36 66
59 47 15 99 83 60
60 40 89 25 66 78
61 88 91 68 95 63
62 48 20 82 99 55
63 9 94 50 83 16
64 34 13 4 24 50
65 92 43 15 72 94
66 49 18 16 2 56
67 7 74 8 17 87
68 7 53 22 40 35
69 60 96 54 14 51
70 1 38 98 82 79
71 67 52 56 12 42
72 34 84 35 88 69
73 1 88 36 79 19
74 35 42 34 77 18
75 99 69 80 31 78
76 39 79 29 38 60
77 71 33 27 81 15
78 19 48 61 94 45
79 30 8 46 63 4
80 92 27 25 54 41
81 36 11 91 14 28
82 9 40 37 95 70
83 50 12 46 19 43
84 23 59 94 27 39
85 93 88 38 53 10
86 17 83 37 35 78
87 86 32 17 89 30
88 40 16 50 73 99
89 91 71 69 76 86
90 29 30 93 98 75
91 54 81 99 13 64
92 60 10 77 85 70
93 78 49 29 37 67
94 3 66 75 22 73
95 33 78 18 25 15
96 11 52 9 70 35
97 39 21 94 37 62
98 84 49 72 4 52
99 42 76 27 79 7
100 61 82 97 69 62
1 97 41
2 96 39 42 57 90
3 93 34 79 12 14
4 7 56 54 38 36
5 2 75 38 57 43
6 81 58
7 90 46 68 37 12
8 69 16
9 75 32 23 51 53
10 53 62 36 88 40
11 57 90
12 64 80 5 93 46
13 39 11 53 80 91
14 27 1 36 37 11
15 12 36 40 74 73
16 17 98 66 6 29
17 1 89 81 10 4
18 84 26 85 90 21
19 67 83
20 82 96 73 7 66
21 63 1 12 37 16
22 29 3 58 60 73
23 70 29 77 98 28
24 34 86 1 82 71
25 27 52 5 33 51
26 5 82 42 93 28
27 95 4 89 7 20
28 88 39 84 22 14
29 47 55 52 16 99
30 38 47 90 97 79
31 10 35 16 48 12
32 28 15 55 37 20
33 97 59 22 48 36
34 84 64 49 55 16
35 53 96 63 31 45
36 53 6 14 91 71
37 19 63 71 33 87
38 87 65 72 78 6
39 67 26 54 73 38
40 63 19 57 26 86
41 59 54 85 97 51
42 6 54 7 60 24
43 98 44 77 90 73
44 76 64 92 21 38
45 21 65 14 28 66
46 8 74 69 92 70
47 82 68 63
48 56 65 19 24 98
49 12 26 9 47 57
50 83 82 89 64 3
51 84 18 15 9 10
52 70 80 86 81 73
53 21 55 97 32 30
54 75 10 21 88 90
55 58 13
56 39 18 82 71 99
57 19 38 64 53 7
58 69 38 75 36 66
59 47 15 99 83 60
60 40 89 25 66 78
61 88 91 68 95 63
62 48 20 82 99 55
63 9 94 50 83 16
64 34 13 4 24 50
65 92 43 15 72 94
66 49 18 16 2 56
67 7 74 8 17 87
68 7 53 22 40 35
69 60 96
70 1 38 98 82 79
71 67 52 56 12 42
72 34 84 35 88 69
73 1 88 36 79 19
74 35 42 34 77 18
75 99 69 80 31 78
76 39 79 29 38 60
77 71 33 27 81 15
78 19 48 61 94 45
79 30 8 46 63 4
80 92 27 25 54
81 36 11 91 14 28
82 9 40 37 95 70
83 50 12 46 19 43
84 23 59 94 27 39
85 93 88 38 53 10
86 17 83 37 35 78
87 86 32 17 89 30
88 40 16 50 73
89 91 71 69 76 86
90 29 30 93 98 75
91 54 81 99 13 64
92 60 70
93 78 49 29 37 67
94 3 66 75 22 73
95 33 78 18 25 15
96 11 52 9 70 35
97 39 21 94 37
98 84 49 72 4 52
99 42 76 27 79 7
100 82 97 69
1 0
5
1 2 3
2 1 5
3 4 5 1
4 3 5
5 2 3 4
1 2
2 5
3 1 4
4 5
5 3
1 2
5
1 2 3
2 1 5
3 4 5 1
4 3 5
5 2 3 4
1 2
2 5
3 1 4
4 5
5 3
2 0
3
1 2
2 1 3
3 1 2
1 2
2 3
3 1
0 2
39
1 35 21 19 30 18 32 28 22 29 14 12 10 8 31 33 27 7 34 13 4 26 17 2 24 6 3 11 36
2 33 38 35 8 5 11 18 10 34 25 6 24 4 22 29 19 36 21 30 1 37 9 27 31 15 13 17 14 26 12 3 32 16 23 28 20 7
3 7 4 18 38 37 10 27 29 34 33 35 17 16 14 21 25 19 24 2 32 12 30 1 6 11 28 36 8 5 13 31 22 26
4 24 23 7 37 26 15 29 20 13 19 25 12 30 14 22 27 34 21 1 32 3 5 31 9 36 11 35 28 16 6 10 38 18 2 8 33 17
5 6 19 24 31
6 29 2 31 1 12 26 24 8 18 15 22 14 16 5
7 35 5 31 29 18 19 1 15 25 12 2 6 36 37 9 30 32 17 16 21 11 13 23 14 33 34 4 24 22 26 10 20 3 8 28 27 38
8 35 21 19 30 18 32 28 22 29 14 12 10 7 31 33 27 6 34 13 3 26 17 1 24 5 2 11 36
9 35 21 19 30 18 32 28 22 29 14 12 10 7 31 33 27 6 34 13 3 26 17 1 24 5 2 11 36
10 34 25 16 28 18 1 15 11 35 9 21 2 5 4 30 3 20 12 23 37 38 33 32 6 7 19 26 36 17 31 13 14 8 27 29 22 24
11 13 28 38 32 3 12 31 35 2 15 29 18 26 7 30 5 21 22 24 27 36 20 10 25 1 16 19 8 17 33 14 9 34 6 37 4 23
12 33 38 35 7 4 10 18 9 34 25 5 24 3 22 29 19 36 21 30 1 37 8 27 31 15 13 17 14 26 11 2 32 16 23 28 20 6
13 5 29 38 31 17 19 8 23 27 2 15 30 10 37 4 33 3 12 34 26 24 16 1 25 21 14 6 18 28 32 20 11 22 35 7 9 36
14 17 32 15 4 13 36 34 28 35 10 38 3 29 16 2 31 1 19 6 21 9 20 11 27 24 18 22 12 26 30 7 37 25 23 5 8 33
15 25 20 36 5 8 30 18 21 17 27 32 35 23 38 11 12 29 7 13 6 31 4 26 9 3 34 28 16 24 1 33 37 14 19
16 36 18
17 28 25 37 34 5 22 24 21 7 32 4 10
18 1 34 13 22 32 19
19 2 24 9 1 29 14 22 7 37 27 16 35 34 6 8 26 20 5 38 36 25 31 21 4 10 33 23 30 28 3 32 18 13 11 17 12 15
20 10 38 25 17 23 7 9 26 13 32 24 12 30 2 14 11 5 4 16 28 37 18 33 6 31 21 1 8 27 15 3 36 22 29 35 34 19
21 23 26 7 36 12 29 10 25 24 13 2 30 5 35 22 34 9 37 27 1 8 6 33 17 19 20 4 38 16 3 28 32 18 11 31 15 14
22 1 13 3 33 26 31 16 37 38 28 20 21 24 14 19 23 9 8 25 18 12 36 5 17 6 35 4 30 27 2 15 34 7 11 29 32 10
23 5 33 27 4 21 11 18 38 34 16 15 19 31 22 10 1 30 17 9 13 36 24 32 29 25 6 28 3 20 26 8 14 7 35 37 12 2
24 29 2 31 1 11 26 23 7 17 14 21 13 15 5
25 5 33 27 4 21 11 18 38 34 16 15 19 31 22 10 1 30 17 9 13 36 23 32 29 24 6 28 3 20 26 8 14 7 35 37 12 2
26 30 31 36 1 35 38 14 7 25 10 24 33 28 29 32 9 37 18 8 4 20 6 3 2 23 16 11 21 22 17 13 34 19 5 15 12 27
27 21 13 34 10 15 38 14 1 9 17 37 25 4 6 31 19 24 30 26 36 12 28 29 33 16 8 3 5 11 7 35 18 2 32 22 23 20
28 15 25 10 23 18 37 19 29 8 30 9 13 36 5 35 20 11 7 17 31 26 3 21 33 4 38 34 27 32 12 2 22 24 6 14 1 16
29 22 25 7 36 12 28 10 24 23 13 2 30 5 35 21 34 9 37 26 1 8 6 33 17 19 20 4 38 16 3 27 32 18 11 31 15 14
30 25 13 32 28 5 19 21 1 9 34 24 2 7 20 18 22 26 10 3 6 15 33 14 36 16
31 5 18 23 30
32 12 27 34 3 18 11 8 24 9 19 13 35 23 33 5 25 30 15 20 22 21 28 2 38 7 10 26 1 6 37
33 36 12 21 19 3 1 17 11 31 10 23 38 32 18 2 26 25 28 14 13 29 6 34 24 9 15 5 35 4 30 7 22 37 20 27 16 8
34 14 20 10 7 21 29 11 12 38 31 13 9 37 19 35 30 18 4 26 3 1 2 36
35 28 13 22 15 31 29 26 7 6 36 10 23 12 5 33
36 38 8 34 5 17 35 13 32 7
37 21 12 17 29 30 13 19 25 22 24 34 7 6 10 33 1 9 36 14 18 20 38 15 11 5 23 4 8 27 3 26 2 31 28 16 32 35
38 7 28 27 17 10 15 29 21 16 3 14 23 26 5 1 9 36 18 2 32 4 33 22 8 37 13 24 12 20 19 6 11 34 31 30 25 35
39 23 8 18 17 29 16 9 33 30 25 6 22 10 3 19 11 38 20 35 24 1 21 15 5 32 28 12 4 37 26 31 13 2 34 27 14 7 36
1 35 21 19 30 18 32 28 22 29 14 12 10 8 31 33 27 7 34 13 4 26 17 2 24 6 3 11 36
2 33 38 35 8 5 11 18 10 34 25 6 20 7
3 7 4 18 38 37 10 27 1 6 11 28 36 8 5 13 31 22 26
4 24 23 7 37 26 15 29 20 13 19 25 12 30 14 22 27 34 21 1 32 3 5 31 9 36 11 35 28 16 6 10 38 18 2 8 33 17
5 6 19 24 31
6 29 2 31 1 12 26 24 8 18 15 22 14 16 5
7 35 5 31 29 18 19 1 15 25 12 2 3 8 28 27 38
8 35 21 19 30 18 32 28 22 29 14 12 10 7 31 33 27 6 34 13 3 26 17 1 24 5 2 11 36
9 35 21 19 30 18 11 36
10 34 25 16 28 18 1 15 11 35 9 21 2 5 4 30 3 20 12 23 37 38 33 32 6 7 19 26 36 17 31 13 14 8 27 29 22 24
11 13 28 38 32 3 12 31 35 2 15 29 9 34 6 37 4 23
12 33 38 35 7 4 10 18 9 34 25 5 24 3 22 29 19 36 21 30 1 37 8 27 31 15 13 17 14 26 11 2 32 16 23 28 20 6
13 5 29 38 31 17 19 8 23 27 2 15 30 7 9 36
14 17 32 15 4 13 36 34 28 35 10 38 3 29 16 2 31 1 19 6 21 9 20 11 27 24 18 22 12 26 30 7 37 25 23 5 8 33
15 25 20 36 5 8 30 18 21 17 27 32 35 23 38 11 12 29 7 13 6 31 4 26 9 3 34 28 16 24 1 33 37 14 19
16 36 18
17 28 25 37 34 5 22 24 21 7 32 4 10
18 1 34 13 22 32 19
19 2 24 9 1 29 14 22 7 37 27 16 35 34 6 8 26 20 5 38 36 25 31 21 4 10 33 23 30 28 3 32 18 13 11 17 12 15
20 10 38 25 17 23 7 9 26 13 32 24 12 30 2 14 11 5 4 16 28 37 18 33 6 31 21 1 8 27 15 3 36 22 29 35 34 19
21 23 26 7 36 12 15 14
22 1 13 3 33 26 31 16 37 38 28 20 21 24 14 19 23 9 8 25 18 12 36 5 17 6 35 4 30 27 2 15 34 7 11 29 32 10
23 5 33 27 4 21 11 18 38 34 16 15 19 31 22 10 1 30 17 9 13 36 24 32 29 25 6 28 3 20 26 8 14 7 35 37 12 2
24 29 2 31 1 11 26 23 7 17 14 21 13 15 5
25 5 33 27 4 21 11 18 38 34 16 15 19 31 22 10 1 30 17 9 13 36 23 32 29 24 6 28 3 20 26 8 14 7 35 37 12 2
26 30 31 36 1 35 38 14 7 25 10 24 33 28 29 32 9 37 18 8 4 20 6 3 2 23 16 11 21 22 17 13 34 19 5 15 12 27
27 21 13 34 10 15 8 3 5 11 7 35 18 2 32 22 23 20
28 15 25 10 23 18 37 19 29 8 30 9 26 3 21 33 4 38 34 27 32 12 2 22 24 6 14 1 16
29 22 25 7 36 12 28 10 24 23 13 2 30 5 35 21 34 9 37 26 1 8 6 33 17 19 20 4 38 16 3 27 32 18 11 31 15 14
30 25 13 32 28 5 19 21 1 9 34 24 2 7 20 18 22 26 10 3 6 15 33 14 36 16
31 5 18 23 30
32 12 27 34 3 18 11 8 24 9 19 13 35 23 33 5 25 30 15 20 22 21 28 2 38 7 10 26 1 6 37
33 36 12 21 19 3 1 17 11 4 24 9 15 5 35 4 30 7 22 37 20 27 16 8
34 14 20 10 7 21 29 11 12 38 31 13 9 37 19 35 30 18 4 26 3 1 2 36
35 28 13 22 15 31 29 26 7 6 36 10 23 12 5 33
36 38 8 34 5 17 35 13 32 7
37 21 12 17 29 30 13 19 25 22 24 34 7 6 10 33 1 9 36 14 18 20 38 15 11 5 23 4 8 27 3 26 2 31 28 16 32 35
38 7 28 27 17 10 15 29 21 16 3 14 23 2 32 4 33 22 8 37 13 24 12 20 19 6 11 34 31 30 25 35
39 23 8 18 17 29 16 9 33 30 25 6 22 10 3 19 11 38 20 35 24 1 21
1 1
39
1 35 21 19 30 18 32 28 22 29 14 12 10 8 31 33 27 7 34 13 4 26 17 2 24 6 3 11 36
2 33 38 35 8 5 11 18 10 34 25 6 24 4 22 29 19 36 21 30 1 37 9 27 31 15 13 17 14 26 12 3 32 16 23 28 20 7
3 7 4 18 38 37 10 27 29 34 33 35 17 16 14 21 25 19 24 2 32 12 30 1 6 11 28 36 8 5 13 31 22 26
4 24 23 7 37 26 15 29 20 13 19 25 12 30 14 22 27 34 21 1 32 3 5 31 9 36 11 35 28 16 6 10 38 18 2 8 33 17
5 6 19 24 31
6 29 2 31 1 12 26 24 8 18 15 22 14 16 5
7 35 5 31 29 18 19 1 15 25 12 2 6 36 37 9 30 32 17 16 21 11 13 23 14 33 34 4 24 22 26 10 20 3 8 28 27 38
8 35 21 19 30 18 32 28 22 29 14 12 10 7 31 33 27 6 34 13 3 26 17 1 24 5 2 11 36
9 35 21 19 30 18 32 28 22 29 14 12 10 7 31 33 27 6 34 13 3 26 17 1 24 5 2 11 36
10 34 25 16 28 18 1 15 11 35 9 21 2 5 4 30 3 20 12 23 37 38 33 32 6 7 19 26 36 17 31 13 14 8 27 29 22 24
11 13 28 38 32 3 12 31 35 2 15 29 18 26 7 30 5 21 22 24 27 36 20 10 25 1 16 19 8 17 33 14 9 34 6 37 4 23
12 33 38 35 7 4 10 18 9 34 25 5 24 3 22 29 19 36 21 30 1 37 8 27 31 15 13 17 14 26 11 2 32 16 23 28 20 6
13 5 29 38 31 17 19 8 23 27 2 15 30 10 37 4 33 3 12 34 26 24 16 1 25 21 14 6 18 28 32 20 11 22 35 7 9 36
14 17 32 15 4 13 36 34 28 35 10 38 3 29 16 2 31 1 19 6 21 9 20 11 27 24 18 22 12 26 30 7 37 25 23 5 8 33
15 25 20 36 5 8 30 18 21 17 27 32 35 23 38 11 12 29 7 13 6 31 4 26 9 3 34 28 16 24 1 33 37 14 19
16 36 18
17 28 25 37 34 5 22 24 21 7 32 4 10
18 1 34 13 22 32 19
19 2 24 9 1 29 14 22 7 37 27 16 35 34 6 8 26 20 5 38 36 25 31 21 4 10 33 23 30 28 3 32 18 13 11 17 12 15
20 10 38 25 17 23 7 9 26 13 32 24 12 30 2 14 11 5 4 16 28 37 18 33 6 31 21 1 8 27 15 3 36 22 29 35 34 19
21 23 26 7 36 12 29 10 25 24 13 2 30 5 35 22 34 9 37 27 1 8 6 33 17 19 20 4 38 16 3 28 32 18 11 31 15 14
22 1 13 3 33 26 31 16 37 38 28 20 21 24 14 19 23 9 8 25 18 12 36 5 17 6 35 4 30 27 2 15 34 7 11 29 32 10
23 5 33 27 4 21 11 18 38 34 16 15 19 31 22 10 1 30 17 9 13 36 24 32 29 25 6 28 3 20 26 8 14 7 35 37 12 2
24 29 2 31 1 11 26 23 7 17 14 21 13 15 5
25 5 33 27 4 21 11 18 38 34 16 15 19 31 22 10 1 30 17 9 13 36 23 32 29 24 6 28 3 20 26 8 14 7 35 37 12 2
26 30 31 36 1 35 38 14 7 25 10 24 33 28 29 32 9 37 18 8 4 20 6 3 2 23 16 11 21 22 17 13 34 19 5 15 12 27
27 21 13 34 10 15 38 14 1 9 17 37 25 4 6 31 19 24 30 26 36 12 28 29 33 16 8 3 5 11 7 35 18 2 32 22 23 20
28 15 25 10 23 18 37 19 29 8 30 9 13 36 5 35 20 11 7 17 31 26 3 21 33 4 38 34 27 32 12 2 22 24 6 14 1 16
29 22 25 7 36 12 28 10 24 23 13 2 30 5 35 21 34 9 37 26 1 8 6 33 17 19 20 4 38 16 3 27 32 18 11 31 15 14
30 25 13 32 28 5 19 21 1 9 34 24 2 7 20 18 22 26 10 3 6 15 33 14 36 16
31 5 18 23 30
32 12 27 34 3 18 11 8 24 9 19 13 35 23 33 5 25 30 15 20 22 21 28 2 38 7 10 26 1 6 37
33 36 12 21 19 3 1 17 11 31 10 23 38 32 18 2 26 25 28 14 13 29 6 34 24 9 15 5 35 4 30 7 22 37 20 27 16 8
34 14 20 10 7 21 29 11 12 38 31 13 9 37 19 35 30 18 4 26 3 1 2 36
35 28 13 22 15 31 29 26 7 6 36 10 23 12 5 33
36 38 8 34 5 17 35 13 32 7
37 21 12 17 29 30 13 19 25 22 24 34 7 6 10 33 1 9 36 14 18 20 38 15 11 5 23 4 8 27 3 26 2 31 28 16 32 35
38 7 28 27 17 10 15 29 21 16 3 14 23 26 5 1 9 36 18 2 32 4 33 22 8 37 13 24 12 20 19 6 11 34 31 30 25 35
39 23 8 18 17 29 16 9 33 30 25 6 22 10 3 19 11 38 20 35 24 1 21 15 5 32 28 12 4 37 26 31 13 2 34 27 14 7 36
1 35 21 19
2 33 7
3 7 4 26
4 24 23 7 8 33 17
5 6 19 24 31
6 29 2 31 1 12 26 24 8 18 15 22 14 16 5
7 35 5 31 29 18 19 1 15 25 12 2 3 8 28 27 38
8 35 21 19 30 18 32 28 22 29 14 12 10 7 31 33 27 6 34 13 3 26 17 1 24 5 2 11 36
9 35 21 19 30 18 11 36
10 34 25 24
11 13 28 38 32 3 12 31 35 2 15 29 9 34 6 37 4 23
12 33 38 23 28 20 6
13 5 29 38 31 36
14 17 32 15 4 13 5 8 33
15 25 20 36 5 37 14 19
16 36 18
17 28 25 37 34 5 22 24 21 7 32 4 10
18 1 34 13 22 32 19
19 2 24 9 1 29 17 12 15
20 10 38 25 17 23 7 9 26 13 32 24 12 30 2 14 11 5 4 16 28 37 18 33 6 31 21 1 8 27 15 3 36 22 29 35 34 19
21 23 26 7 36 12 15 14
22 1 13 3 33 26 3 10
23 5 33 27 4 21 11 18 38 34 16 15 19 31 22 10 1 30 17 9 13 36 24 32 29 25 6 28 3 20 26 8 14 7 35 37 12 2
24 29 2 31 1 11 26 23 7 17 14 21 13 15 5
25 5 33 27 4 21 14 7 35 37 12 2
26 30 31 36 1 35 38 14 7 25 10 24 33 28 29 32 9 37 18 8 4 20 6 3 2 23 16 11 21 22 17 13 34 19 5 15 12 27
27 21 13 34 10 15 8 3 5 11 7 35 18 2 32 22 23 20
28 15 25 10 16
29 22 25 7 15 14
30 25 13 32 28 5 19 21 1 9 34 24 2 7 20 18 22 26 10 3 6 15 33 14 36 16
31 5 18 23 30
32 12 27 34 3 18 11
33 36 12 21 19 3 1 17 11 4 24 9 15 5 35 4 30 7 22 37 20 27 16 8
34 14 20 10 7 21 1 2 36
35 28 13 33
36 38 8 34 5 17 35 13 32 7
37 21 12 35
38 7 28 27 25 35
39 23 8 18 17 29 16 9 33 30 25 6 22 10 3 19 11 38 20 35 24 1 21
2 3
39
1 35 21 19 30 18 32 28 22 29 14 12 10 8 31 33 27 7 34 13 4 26 17 2 24 6 3 11 36
2 33 38 35 8 5 11 18 10 34 25 6 24 4 22 29 19 36 21 30 1 37 9 27 31 15 13 17 14 26 12 3 32 16 23 28 20 7
3 7 4 18 38 37 10 27 29 34 33 35 17 16 14 21 25 19 24 2 32 12 30 1 6 11 28 36 8 5 13 31 22 26
4 24 23 7 37 26 15 29 20 13 19 25 12 30 14 22 27 34 21 1 32 3 5 31 9 36 11 35 28 16 6 10 38 18 2 8 33 17
5 6 19 24 31
6 29 2 31 1 12 26 24 8 18 15 22 14 16 5
7 35 5 31 29 18 19 1 15 25 12 2 6 36 37 9 30 32 17 16 21 11 13 23 14 33 34 4 24 22 26 10 20 3 8 28 27 38
8 35 21 19 30 18 32 28 22 29 14 12 10 7 31 33 27 6 34 13 3 26 17 1 24 5 2 11 36
9 35 21 19 30 18 32 28 22 29 14 12 10 7 31 33 27 6 34 13 3 26 17 1 24 5 2 11 36
10 34 25 16 28 18 1 15 11 35 9 21 2 5 4 30 3 20 12 23 37 38 33 32 6 7 19 26 36 17 31 13 14 8 27 29 22 24
11 13 28 38 32 3 12 31 35 2 15 29 18 26 7 30 5 21 22 24 27 36 20 10 25 1 16 19 8 17 33 14 9 34 6 37 4 23
12 33 38 35 7 4 10 18 9 34 25 5 24 3 22 29 19 36 21 30 1 37 8 27 31 15 13 17 14 26 11 2 32 16 23 28 20 6
13 5 29 38 31 17 19 8 23 27 2 15 30 10 37 4 33 3 12 34 26 24 16 1 25 21 14 6 18 28 32 20 11 22 35 7 9 36
14 17 32 15 4 13 36 34 28 35 10 38 3 29 16 2 31 1 19 6 21 9 20 11 27 24 18 22 12 26 30 7 37 25 23 5 8 33
15 25 20 36 5 8 30 18 21 17 27 32 35 23 38 11 12 29 7 13 6 31 4 26 9 3 34 28 16 24 1 33 37 14 19
16 36 18
17 28 25 37 34 5 22 24 21 7 32 4 10
18 1 34 13 22 32 19
19 2 24 9 1 29 14 22 7 37 27 16 35 34 6 8 26 20 5 38 36 25 31 21 4 10 33 23 30 28 3 32 18 13 11 17 12 15
20 10 38 25 17 23 7 9 26 13 32 24 12 30 2 14 11 5 4 16 28 37 18 33 6 31 21 1 8 27 15 3 36 22 29 35 34 19
21 23 26 7 36 12 29 10 25 24 13 2 30 5 35 22 34 9 37 27 1 8 6 33 17 19 20 4 38 16 3 28 32 18 11 31 15 14
22 1 13 3 33 26 31 16 37 38 28 20 21 24 14 19 23 9 8 25 18 12 36 5 17 6 35 4 30 27 2 15 34 7 11 29 32 10
23 5 33 27 4 21 11 18 38 34 16 15 19 31 22 10 1 30 17 9 13 36 24 32 29 25 6 28 3 20 26 8 14 7 35 37 12 2
24 29 2 31 1 11 26 23 7 17 14 21 13 15 5
25 5 33 27 4 21 11 18 38 34 16 15 19 31 22 10 1 30 17 9 13 36 23 32 29 24 6 28 3 20 26 8 14 7 35 37 12 2
26 30 31 36 1 35 38 14 7 25 10 24 33 28 29 32 9 37 18 8 4 20 6 3 2 23 16 11 21 22 17 13 34 19 5 15 12 27
27 21 13 34 10 15 38 14 1 9 17 37 25 4 6 31 19 24 30 26 36 12 28 29 33 16 8 3 5 11 7 35 18 2 32 22 23 20
28 15 25 10 23 18 37 19 29 8 30 9 13 36 5 35 20 11 7 17 31 26 3 21 33 4 38 34 27 32 12 2 22 24 6 14 1 16
29 22 25 7 36 12 28 10 24 23 13 2 30 5 35 21 34 9 37 26 1 8 6 33 17 19 20 4 38 16 3 27 32 18 11 31 15 14
30 25 13 32 28 5 19 21 1 9 34 24 2 7 20 18 22 26 10 3 6 15 33 14 36 16
31 5 18 23 30
32 12 27 34 3 18 11 8 24 9 19 13 35 23 33 5 25 30 15 20 22 21 28 2 38 7 10 26 1 6 37
33 36 12 21 19 3 1 17 11 31 10 23 38 32 18 2 26 25 28 14 13 29 6 34 24 9 15 5 35 4 30 7 22 37 20 27 16 8
34 14 20 10 7 21 29 11 12 38 31 13 9 37 19 35 30 18 4 26 3 1 2 36
35 28 13 22 15 31 29 26 7 6 36 10 23 12 5 33
36 38 8 34 5 17 35 13 32 7
37 21 12 17 29 30 13 19 25 22 24 34 7 6 10 33 1 9 36 14 18 20 38 15 11 5 23 4 8 27 3 26 2 31 28 16 32 35
38 7 28 27 17 10 15 29 21 16 3 14 23 26 5 1 9 36 18 2 32 4 33 22 8 37 13 24 12 20 19 6 11 34 31 30 25 35
39 23 8 18 17 29 16 9 33 30 25 6 22 10 3 19 11 38 20 35 24 1 21 15 5 32 28 12 4 37 26 31 13 2 34 27 14 7 36
1 35 21 19
2 33 7
3 7 4 26
4 24 23 7 8 33 17
5 6 19 24 31
6 29 2 31 1 12 26 24 8 18 15 22 14 16 5
7 35 5 31 29 18 19 1 15 25 12 2 3 8 28 27 38
8 35 21 19 30 18 32 28 22 29 14 12 10 7 31 33 27 6 34 13 3 26 17 1 24 5 2 11 36
9 35 21 19 30 18 11 36
10 34 25 24
11 13 28 38 32 3 12 31 35 2 15 29 9 34 6 37 4 23
12 33 38 23 28 20 6
13 5 29 38 31 36
14 17 32 15 4 13 5 8 33
15 25 20 36 5 37 14 19
16 36 18
17 28 25 37 34 5 22 24 21 7 32 4 10
18 1 34 13 22 32 19
19 2 24 9 1 29 17 12 15
20 10 38 25 17 23 7 9 26 13 32 24 12 30 2 14 11 5 4 16 28 37 18 33 6 31 21 1 8 27 15 3 36 22 29 35 34 19
21 23 26 7 36 12 15 14
22 1 13 3 33 26 3 10
23 5 33 27 4 21 11 18 38 34 16 15 19 31 22 10 1 30 17 9 13 36 24 32 29 25 6 28 3 20 26 8 14 7 35 37 12 2
24 29 2 31 1 11 26 23 7 17 14 21 13 15 5
25 5 33 27 4 21 14 7 35 37 12 2
26 30 31 36 1 35 38 14 7 25 10 24 33 28 29 32 9 37 18 8 4 20 6 3 2 23 16 11 21 22 17 13 34 19 5 15 12 27
27 21 13 34 10 15 8 3 5 11 7 35 18 2 32 22 23 20
28 15 25 10 16
29 22 25 7 15 14
30 25 13 32 28 5 19 21 1 9 34 24 2 7 20 18 22 26 10 3 6 15 33 14 36 16
31 5 18 23 30
32 12 27 34 3 18 11
33 36 12 21 19 3 1 17 11 4 24 9 15 5 35 4 30 7 22 37 20 27 16 8
34 14 20 10 7 21 1 2 36
35 28 13 33
36 38 8 34 5 17 35 13 32 7
37 21 12 35
38 7 28 27 25 35
39 23 8 18 17 29 16 9 33 30 25 6 22 10 3 19 11 38 20 35 24 1 21
0 2
100
1 97 21 58 82 41
2 96 39 42 57 90
3 93 34 79 12 14
4 7 56 54 38 36
5 2 75 38 57 43
6 81 24 62 66 58
7 90 46 68 37 12
8 69 52 38 15 16
9 75 32 23 51 53
10 53 62 36 88 40
11 57 97 65 87 90
12 64 80 5 93 46
13 39 11 53 80 91
14 27 1 36 37 11
15 12 36 40 74 73
16 17 98 66 6 29
17 1 89 81 10 4
18 84 26 85 90 21
19 67 73 78 56 83
20 82 96 73 7 66
21 63 1 12 37 16
22 29 3 58 60 73
23 70 29 77 98 28
24 34 86 1 82 71
25 27 52 5 33 51
26 5 82 42 93 28
27 95 4 89 7 20
28 88 39 84 22 14
29 47 55 52 16 99
30 38 47 90 97 79
31 10 35 16 48 12
32 28 15 55 37 20
33 97 59 22 48 36
34 84 64 49 55 16
35 53 96 63 31 45
36 53 6 14 91 71
37 19 63 71 33 87
38 87 65 72 78 6
39 67 26 54 73 38
40 63 19 57 26 86
41 59 54 85 97 51
42 6 54 7 60 24
43 98 44 77 90 73
44 76 64 92 21 38
45 21 65 14 28 66
46 8 74 69 92 70
47 82 62 16 68 63
48 56 65 19 24 98
49 12 26 9 47 57
50 83 82 89 64 3
51 84 18 15 9 10
52 70 80 86 81 73
53 21 55 97 32 30
54 75 10 21 88 90
55 58 73 24 8 13
56 39 18 82 71 99
57 19 38 64 53 7
58 69 38 75 36 66
59 47 15 99 83 60
60 40 89 25 66 78
61 88 91 68 95 63
62 48 20 82 99 55
63 9 94 50 83 16
64 34 13 4 24 50
65 92 43 15 72 94
66 49 18 16 2 56
67 7 74 8 17 87
68 7 53 22 40 35
69 60 96 54 14 51
70 1 38 98 82 79
71 67 52 56 12 42
72 34 84 35 88 69
73 1 88 36 79 19
74 35 42 34 77 18
75 99 69 80 31 78
76 39 79 29 38 60
77 71 33 27 81 15
78 19 48 61 94 45
79 30 8 46 63 4
80 92 27 25 54 41
81 36 11 91 14 28
82 9 40 37 95 70
83 50 12 46 19 43
84 23 59 94 27 39
85 93 88 38 53 10
86 17 83 37 35 78
87 86 32 17 89 30
88 40 16 50 73 99
89 91 71 69 76 86
90 29 30 93 98 75
91 54 81 99 13 64
92 60 10 77 85 70
93 78 49 29 37 67
94 3 66 75 22 73
95 33 78 18 25 15
96 11 52 9 70 35
97 39 21 94 37 62
98 84 49 72 4 52
99 42 76 27 79 7
100 61 82 97 69 62
1 97 41
2 96 39 42 57 90
3 93 34 79 12 14
4 7 56 54 38 36
5 2 75 38 57 43
6 81 58
7 90 46 68 37 12
8 69 16
9 75 32 23 51 53
10 53 62 36 88 40
11 57 90
12 64 80 5 93 46
13 39 11 53 80 91
14 27 1 36 37 11
15 12 36 40 74 73
16 17 98 66 6 29
17 1 89 81 10 4
18 84 26 85 90 21
19 67 83
20 82 96 73 7 66
21 63 1 12 37 16
22 29 3 58 60 73
23 70 29 77 98 28
24 34 86 1 82 71
25 27 52 5 33 51
26 5 82 42 93 28
27 95 4 89 7 20
28 88 39 84 22 14
29 47 55 52 16 99
30 38 47 90 97 79
31 10 35 16 48 12
32 28 15 55 37 20
33 97 59 22 48 36
34 84 64 49 55 16
35 53 96 63 31 45
36 53 6 14 91 71
37 19 63 71 33 87
38 87 65 72 78 6
39 67 26 54 73 38
40 63 19 57 26 86
41 59 54 85 97 51
42 6 54 7 60 24
43 98 44 77 90 73
44 76 64 92 21 38
45 21 65 14 28 66
46 8 74 69 92 70
47 82 68 63
48 56 65 19 24 98
49 12 26 9 47 57
50 83 82 89 64 3
51 84 18 15 9 10
52 70 80 86 81 73
53 21 55 97 32 30
54 75 10 21 88 90
55 58 13
56 39 18 82 71 99
57 19 38 64 53 7
58 69 38 75 36 66
59 47 15 99 83 60
60 40 89 25 66 78
61 88 91 68 95 63
62 48 20 82 99 55
63 9 94 50 83 16
64 34 13 4 24 50
65 92 43 15 72 94
66 49 18 16 2 56
67 7 74 8 17 87
68 7 53 22 40 35
69 60 96
70 1 38 98 82 79
71 67 52 56 12 42
72 34 84 35 88 69
73 1 88 36 79 19
74 35 42 34 77 18
75 99 69 80 31 78
76 39 79 29 38 60
77 71 33 27 81 15
78 19 48 61 94 45
79 30 8 46 63 4
80 92 27 25 54
81 36 11 91 14 28
82 9 40 37 95 70
83 50 12 46 19 43
84 23 59 94 27 39
85 93 88 38 53 10
86 17 83 37 35 78
87 86 32 17 89 30
88 40 16 50 73
89 91 71 69 76 86
90 29 30 93 98 75
91 54 81 99 13 64
92 60 70
93 78 49 29 37 67
94 3 66 75 22 73
95 33 78 18 25 15
96 11 52 9 70 35
97 39 21 94 37
98 84 49 72 4 52
99 42 76 27 79 7
100 61 82 97 69
1 5
100
1 97 21 58 82 41
2 96 39 42 57 90
3 93 34 79 12 14
4 7 56 54 38 36
5 2 75 38 57 43
6 81 24 62 66 58
7 90 46 68 37 12
8 69 52 38 15 16
9 75 32 23 51 53
10 53 62 36 88 40
11 57 97 65 87 90
12 64 80 5 93 46
13 39 11 53 80 91
14 27 1 36 37 11
15 12 36 40 74 73
16 17 98 66 6 29
17 1 89 81 10 4
18 84 26 85 90 21
19 67 73 78 56 83
20 82 96 73 7 66
21 63 1 12 37 16
22 29 3 58 60 73
23 70 29 77 98 28
24 34 86 1 82 71
25 27 52 5 33 51
26 5 82 42 93 28
27 95 4 89 7 20
28 88 39 84 22 14
29 47 55 52 16 99
30 38 47 90 97 79
31 10 35 16 48 12
32 28 15 55 37 20
33 97 59 22 48 36
34 84 64 49 55 16
35 53 96 63 31 45
36 53 6 14 91 71
37 19 63 71 33 87
38 87 65 72 78 6
39 67 26 54 73 38
40 63 19 57 26 86
41 59 54 85 97 51
42 6 54 7 60 24
43 98 44 77 90 73
44 76 64 92 21 38
45 21 65 14 28 66
46 8 74 69 92 70
47 82 62 16 68 63
48 56 65 19 24 98
49 12 26 9 47 57
50 83 82 89 64 3
51 84 18 15 9 10
52 70 80 86 81 73
53 21 55 97 32 30
54 75 10 21 88 90
55 58 73 24 8 13
56 39 18 82 71 99
57 19 38 64 53 7
58 69 38 75 36 66
59 47 15 99 83 60
60 40 89 25 66 78
61 88 91 68 95 63
62 48 20 82 99 55
63 9 94 50 83 16
64 34 13 4 24 50
65 92 43 15 72 94
66 49 18 16 2 56
67 7 74 8 17 87
68 7 53 22 40 35
69 60 96 54 14 51
70 1 38 98 82 79
71 67 52 56 12 42
72 34 84 35 88 69
73 1 88 36 79 19
74 35 42 34 77 18
75 99 69 80 31 78
76 39 79 29 38 60
77 71 33 27 81 15
78 19 48 61 94 45
79 30 8 46 63 4
80 92 27 25 54 41
81 36 11 91 14 28
82 9 40 37 95 70
83 50 12 46 19 43
84 23 59 94 27 39
85 93 88 38 53 10
86 17 83 37 35 78
87 86 32 17 89 30
88 40 16 50 73 99
89 91 71 69 76 86
90 29 30 93 98 75
91 54 81 99 13 64
92 60 10 77 85 70
93 78 49 29 37 67
94 3 66 75 22 73
95 33 78 18 25 15
96 11 52 9 70 35
97 39 21 94 37 62
98 84 49 72 4 52
99 42 76 27 79 7
100 61 82 97 69 62
1 97 41
2 96 39 42 57 90
3 93 34 79 12 14
4 7 56 54 38 36
5 2 75 38 57 43
6 81 58
7 90 46 68 37 12
8 69 16
9 75 32 23 51 53
10 53 62 36 88 40
11 57 90
12 64 80 5 93 46
13 39 11 53 80 91
14 27 1 36 37 11
15 12 36 40 74 73
16 17 98 66 6 29
17 1 89 81 10 4
18 84 26 85 90 21
19 67 83
20 82 96 73 7 66
21 63 1 12 37 16
22 29 3 58 60 73
23 70 29 77 98 28
24 34 86 1 82 71
25 27 52 5 33 51
26 5 82 42 93 28
27 95 4 89 7 20
28 88 39 84 22 14
29 47 55 52 16 99
30 38 47 90 97 79
31 10 35 16 48 12
32 28 15 55 37 20
33 97 59 22 48 36
34 84 64 49 55 16
35 53 96 63 31 45
36 53 6 14 91 71
37 19 63 71 33 87
38 87 65 72 78 6
39 67 26 54 73 38
40 63 19 57 26 86
41 59 54 85 97 51
42 6 54 7 60 24
43 98 44 77 90 73
44 76 64 92 21 38
45 21 65 14 28 66
46 8 74 69 92 70
47 82 68 63
48 56 65 19 24 98
49 12 26 9 47 57
50 83 82 89 64 3
51 84 18 15 9 10
52 70 80 86 81 73
53 21 55 97 32 30
54 75 10 21 88 90
55 58 13
56 39 18 82 71 99
57 19 38 64 53 7
58 69 38 75 36 66
59 47 15 99 83 60
60 40 89 25 66 78
61 88 91 68 95 63
62 48 20 82 99 55
63 9 94 50 83 16
64 34 13 4 24 50
65 92 43 15 72 94
66 49 18 16 2 56
67 7 74 8 17 87
68 7 53 22 40 35
69 60 96
70 1 38 98 82 79
71 67 52 56 12 42
72 34 84 35 88 69
73 1 88 36 79 19
74 35 42 34 77 18
75 99 69 80 31 78
76 39 79 29 38 60
77 71 33 27 81 15
78 19 48 61 94 45
79 30 8 46 63 4
80 92 27 25 54
81 36 11 91 14 28
82 9 40 37 95 70
83 50 12 46 19 43
84 23 59 94 27 39
85 93 88 38 53 10
86 17 83 37 35 78
87 86 32 17 89 30
88 40 16 50 73
89 91 71 69 76 86
90 29 30 93 98 75
91 54 81 99 13 64
92 60 70
93 78 49 29 37 67
94 3 66 75 22 73
95 33 78 18 25 15
96 11 52 9 70 35
97 39 21 94 37
98 84 49 72 4 52
99 42 76 27 79 7
100 82 97 69
1 0
0
