1000
Gengar 26
180 9 60715
106 14 47852
14 5 225223
66 7 133890
Tentacruel 80
13 12 72931
158 8 167507
250 13 71230
86 12 150674
Cubone 83
6 15 256821
152 13 1714
164 7 207710
187 8 118442
Onix 41
107 2 102746
44 4 55444
76 4 218017
188 12 17885
Muk 79
135 7 183452
207 14 38479
131 13 220275
8 5 1891
Goldeen 18
142 10 177784
66 8 37138
195 15 197008
209 2 18203
Poliwag 95
203 11 33382
89 8 214680
241 2 63661
223 14 97033
Machoke 87
196 11 254584
80 1 53586
108 4 106889
86 12 73356
Jolteon 34
221 10 195342
252 12 220660
156 10 145785
195 7 228306
Ekans 1
42 12 244830
79 6 245876
106 5 136024
60 13 64188
Tangela 53
114 15 42057
210 7 119481
123 9 75982
156 4 83064
Weezing 80
243 5 217976
87 13 15443
242 14 249115
108 9 113742
Squirtle 48
208 14 207084
140 9 24648
200 2 134546
39 2 162864
Shellder 79
48 15 64135
219 6 81590
167 3 214724
254 6 96964
Golem 79
100 5 56436
148 2 261162
164 15 157084
216 1 146232
Wartortle 68
156 13 74205
13 4 214316
110 13 145244
23 2 7942
Meowth 87
198 8 203635
151 6 206708
91 2 131486
238 10 4585
Nidorino 21
159 5 55591
190 13 160977
166 1 103682
36 2 5895
Flareon 51
102 15 204864
208 11 117884
64 9 174085
32 9 61520
Hitmonlee 58
19 8 255650
177 10 59320
36 6 140619
144 4 49740
Dragonair 6
96 3 105029
205 10 165749
195 14 205696
179 6 183912
Pidgey 85
16 6 152281
39 2 253562
234 4 128856
60 3 91207
Alakazam 9
13 15 29973
172 15 88279
232 12 38349
224 5 95648
Magmar 69
183 6 221620
165 14 207799
37 13 57824
186 14 132505
Ditto 93
160 15 230255
192 8 150555
204 3 130248
251 13 100616
Kingler 18
71 10 115488
59 14 257186
152 1 217872
252 15 152222
Ditto 66
178 6 145311
248 1 106753
63 3 63356
243 3 152194
Mankey 72
227 12 1012
139 12 189419
88 4 40682
247 14 62440
Nidorino 78
132 8 240627
26 10 237026
110 9 132671
24 3 9921
Seadra 17
105 6 239755
106 7 57592
154 4 206287
58 1 910
Caterpie 69
165 4 235111
101 6 69645
114 1 204383
61 10 125635
Drowzee 53
166 7 79200
92 6 57233
107 2 76011
45 15 98092
Geodude 13
194 11 49502
222 11 55633
106 15 45557
99 11 211210
Moltres 97
213 14 165555
190 14 245972
129 10 200304
207 11 72351
Raichu 72
112 10 194509
72 11 4335
116 9 224917
17 13 139154
Bellsprout 4
156 6 191405
131 13 27454
140 13 118531
147 12 228543
Oddish 48
7 8 75097
235 10 158158
110 10 98279
152 7 246095
Cloyster 21
35 6 131369
212 14 261304
103 9 230262
131 11 158710
NidoranH 35
188 5 198187
240 6 172394
38 14 221500
26 10 86779
Weezing 24
200 3 219641
95 11 106781
173 2 80225
6 2 28764
Rapidash 97
194 9 158362
100 7 41451
99 9 10105
170 13 203419
NidoranH 48
215 10 176820
108 13 240169
92 11 93027
18 15 6753
Dragonite 20
212 3 6931
151 2 125624
14 13 107077
154 14 50418
Exeggcute 30
231 3 187082
72 3 75570
223 1 239753
150 4 215223
Rhyhorn 76
76 6 110920
44 4 5847
66 5 11931
9 5 21987
Gastly 34
164 6 3335
172 8 30541
40 2 158930
237 5 9397
Eevee 76
25 14 75627
113 6 51961
202 1 215310
188 8 55861
Metapod 14
249 13 174249
168 15 249871
69 3 149932
98 12 100295
Kabuto 93
219 11 107641
154 7 35076
101 10 44491
58 4 89392
Shellder 13
115 12 95698
169 9 157359
181 8 229584
136 4 74084
Paras 98
22 15 184533
138 7 203548
35 8 142111
119 11 123374
Electabuzz 72
213 10 110329
164 7 120121
175 4 48399
71 10 174508
Exeggcute 64
15 14 3463
90 11 25394
200 11 88565
148 12 12055
Growlithe 58
247 11 18332
1 1 155439
222 3 236326
25 10 258477
Nidorino 91
53 11 56331
166 13 104028
52 12 237637
44 12 223241
Dewgong 68
128 15 97807
151 2 243017
125 10 15698
148 15 233790
Tentacool 48
91 5 192361
232 9 179982
189 8 242760
189 12 135617
Gengar 98
209 1 73784
86 6 186303
18 5 49678
203 9 66940
Doduo 30
198 3 224212
137 14 205255
93 14 19703
28 4 14068
NidoranH 67
189 11 31169
197 13 134531
8 2 146372
92 9 98882
Ninetales 77
167 2 187053
216 10 92355
78 7 218936
248 10 74708
Nidoqueen 73
232 14 229802
72 3 8941
108 9 17154
81 6 100860
Electrode 48
100 8 158936
130 15 243771
46 2 4492
122 10 182793
Persian 74
107 2 46991
128 13 227019
200 12 257643
6 5 258761
Lickitung 15
1 6 104843
214 8 22324
125 9 146914
78 14 247051
Weedle 45
134 12 232902
79 15 192935
206 6 17694
8 6 78386
Zapdos 49
24 15 260987
183 9 113537
240 8 219490
56 8 83246
Clefable 50
201 13 146614
9 8 87296
232 5 226413
235 9 110323
Weedle 76
149 5 193811
248 14 84623
209 11 174795
195 1 220035
Lickitung 98
71 5 205916
219 5 51745
61 3 45899
196 10 84552
Golbat 77
74 14 172180
28 1 63023
175 3 198066
126 7 97734
Slowbro 78
57 7 101454
203 15 63426
193 14 206112
195 10 197310
Tentacruel 8
53 7 185584
113 7 181653
132 9 257695
34 12 116762
Poliwag 66
62 7 227015
27 12 32544
30 15 258264
91 10 194207
Graveler 8
241 13 37868
184 10 78966
61 1 234659
146 9 72323
Moltres 2
30 6 70561
100 7 11881
176 9 88753
74 12 83886
Dratini 27
54 3 259446
118 3 26681
108 4 43893
128 5 165956
Lickitung 45
152 13 210367
151 9 90094
56 13 253832
29 12 233824
Mew 16
17 9 88665
56 12 35654
110 15 158310
110 15 204051
Kabutops 95
43 13 34765
181 14 9658
133 6 238751
177 10 242965
Fearow 14
112 12 20962
143 2 260120
6 3 147167
179 11 65026
Persian 35
93 10 36046
101 10 28432
49 4 183135
130 11 199644
Geodude 23
13 2 106227
18 15 55430
182 12 55425
36 3 129465
Squirtle 46
116 11 166063
238 2 50019
196 10 242684
28 10 229457
Diglett 13
97 11 39337
218 7 56522
187 3 227897
81 11 14326
Rhydon 24
5 1 40621
116 4 2257
48 4 223398
26 8 127931
Machamp 65
26 6 10983
100 2 253599
248 12 99532
207 9 239630
Seaking 46
170 1 155706
203 10 69194
140 13 95040
236 12 131418
Staryu 32
243 5 71363
136 1 181773
199 9 50844
153 13 83908
Venomoth 68
73 4 160436
63 11 41732
84 15 203233
140 8 245898
Hitmonchan 18
186 6 111043
97 12 60019
136 2 175759
240 13 61510
Jigglypuff 52
220 14 68980
206 1 112946
16 3 256019
28 1 63106
Primeape 2
18 9 69829
226 7 34207
5 10 125337
84 6 80723
Wartortle 71
58 4 183210
174 14 199892
252 6 91653
60 6 113531
Doduo 43
130 1 211918
108 11 220269
111 11 164334
174 10 238921
Wartortle 32
155 3 109044
235 5 22359
192 1 205079
147 11 160676
Blastoise 51
171 14 209588
5 7 21173
239 5 50637
203 8 126976
Tentacruel 15
125 12 163198
115 11 9883
252 4 204865
71 15 93798
Mew 99
196 10 13760
68 1 228874
167 9 135988
214 5 69389
Cloyster 16
162 11 25100
229 8 37021
209 9 146534
150 14 106988
Marowak 31
50 12 31057
135 6 201222
39 12 76811
207 3 239309
Rattata 59
91 11 122233
213 4 60292
80 5 30915
107 10 84762
Dewgong 20
165 10 52981
119 6 192220
152 1 65291
186 9 133781
Nidorina 94
116 10 116868
183 15 132031
100 4 61861
157 10 78499
Mankey 9
164 2 74905
121 15 34416
142 9 67148
50 5 211388
Rhyhorn 59
245 13 181310
8 15 208766
54 4 163251
145 13 16168
Jigglypuff 100
129 14 48612
148 13 101260
246 15 105805
189 5 210403
Nidoqueen 55
85 9 85818
5 12 126700
41 13 178149
88 10 236689
Lickitung 49
58 15 76900
156 14 172377
153 7 55983
9 13 118380
Psyduck 45
153 11 173347
254 9 22896
55 12 101866
255 8 80634
Magneton 15
171 10 203267
51 11 175978
71 15 28833
240 4 237210
Charmeleon 36
243 14 48004
99 2 106442
243 2 221799
232 10 182918
Omanyte 100
199 5 242422
45 4 29008
157 15 150791
171 4 181437
Gyarados 34
225 9 81953
22 6 2138
20 10 251130
17 14 55070
Ninetales 13
44 5 3559
113 12 22220
205 9 1242
86 14 231288
Tangela 49
176 11 69984
33 15 805
202 11 61313
127 6 42549
Raticate 95
144 2 44041
108 4 94559
165 1 159264
246 1 110451
Kabuto 34
124 7 148268
6 4 186892
125 5 22109
63 14 32919
Psyduck 8
67 15 146316
163 10 178789
63 13 31354
247 13 224458
Muk 11
62 12 15090
15 4 205272
151 6 79227
101 10 180135
Diglett 39
79 4 200080
54 12 110113
136 2 159373
253 6 178515
Dewgong 39
52 14 42842
46 4 151620
205 12 79106
197 6 56692
Gengar 11
183 9 15227
207 14 29889
163 8 14155
88 10 99467
Goldeen 59
219 1 218291
120 8 24264
212 6 82152
37 5 3314
Exeggcute 58
13 12 99538
134 10 200128
134 10 180943
215 12 197750
Rattata 27
176 13 114076
117 7 28886
152 3 9966
235 6 154283
Arbok 63
179 5 163883
189 8 136764
122 8 234707
106 1 155449
Dodrio 51
25 6 196791
193 12 58502
165 11 13916
227 15 48554
Weezing 36
115 2 55344
148 3 171696
157 15 240294
183 13 126724
Kabuto 78
194 2 211216
218 3 121721
216 2 229774
237 1 228383
Victreebel 83
59 5 52028
14 5 230847
34 9 174611
41 12 99155
Gyarados 90
101 1 72547
91 3 248925
138 5 167972
175 3 126037
Nidorino 95
43 11 43477
243 7 12999
95 3 60821
4 9 240953
Rhydon 37
84 6 100961
213 6 129014
245 15 52383
163 15 108091
Machop 41
213 13 135544
239 7 114247
229 6 203258
149 14 169658
Tentacool 31
232 2 132310
147 8 60912
17 1 64774
218 5 110898
Shellder 80
125 15 206503
131 4 68781
243 8 75580
14 10 47089
Tauros 80
234 7 99300
245 1 157747
205 8 215442
5 2 123643
Kadabra 33
180 8 46989
21 13 174427
251 1 30077
168 1 174799
Machoke 28
158 11 217307
145 4 137450
220 13 6073
251 11 138676
Graveler 40
154 3 82799
214 5 206739
200 10 203298
237 11 81679
Weepinbell 3
149 10 101417
214 15 261227
121 5 90913
225 9 184578
Marowak 90
228 5 185228
238 4 202240
248 8 204793
244 2 24439
Dratini 33
122 13 194757
234 13 235139
49 11 197831
45 7 156552
Victreebel 96
184 9 49405
190 1 245742
43 6 174351
112 2 210271
Zubat 47
213 2 149333
148 4 125000
200 7 8900
229 15 126604
Flareon 81
211 14 3448
44 9 120311
69 1 165127
113 2 251480
Parasect 44
205 10 146956
185 2 255550
155 12 112676
161 6 149082
Ditto 71
77 4 45136
82 9 100404
242 1 15464
70 10 112300
Sandshrew 62
18 15 122613
190 9 40100
101 14 186985
216 1 178365
Krabby 85
242 6 212443
180 7 43137
166 13 178404
127 13 150584
Pikachu 57
75 5 22841
123 14 92168
150 2 34846
55 14 82353
Spearow 100
25 9 255171
19 14 72960
217 4 214065
94 6 118748
Vileplume 93
81 10 240004
43 15 6888
98 1 26570
62 2 164955
Metapod 92
167 10 191643
119 10 86249
122 12 34951
106 2 236079
Charmeleon 90
131 3 94815
50 10 245413
60 11 189279
154 8 259313
Snorlax 99
30 12 200631
201 8 168972
122 9 227997
108 14 226881
Fearow 50
228 11 145284
33 8 9620
125 14 259494
27 13 152613
Starmie 97
222 12 205528
152 8 238189
199 11 189542
225 6 119689
Dragonair 78
45 8 100479
234 12 210232
126 11 212991
209 9 121004
Poliwag 15
246 10 246094
159 12 249545
159 8 245680
73 14 74084
Seel 62
157 14 109329
245 7 88931
20 14 65359
233 1 188606
Rhydon 7
145 8 44738
106 2 42555
111 3 21248
87 15 197990
Chansey 70
132 4 87031
229 5 238475
16 6 190883
162 12 164877
Dragonair 52
110 9 242439
153 14 210801
9 11 117570
199 9 25846
Poliwag 67
246 3 36899
222 9 124907
28 1 17278
246 1 236964
Haunter 5
102 2 147131
240 1 31419
170 9 214658
223 4 79185
Kabutops 4
58 1 231321
67 6 160724
111 15 114270
214 4 108851
Nidoking 5
88 11 216295
57 15 158778
61 15 261349
188 10 138891
Gastly 59
41 10 89904
102 4 143544
173 14 30437
131 9 92047
Nidoqueen 40
85 15 88077
78 9 113269
239 5 100314
49 6 135494
Vileplume 61
159 9 57560
199 2 167073
192 7 155439
182 3 117176
Venonat 94
84 15 240376
102 3 171633
121 8 227061
104 9 213886
Dragonair 27
113 4 243836
157 10 74380
117 7 24851
251 1 257419
Kadabra 83
60 4 164480
84 14 29858
172 10 27098
48 12 161253
Omanyte 90
41 10 107745
155 15 217430
82 12 151539
118 8 189279
Golem 69
194 2 165737
145 14 244806
145 14 28716
170 11 22156
Machamp 71
210 6 93300
109 4 251608
64 11 134349
128 14 137885
Omanyte 63
108 13 211134
254 15 138935
3 11 67628
18 3 182849
Wartortle 42
105 13 92968
159 4 72799
236 9 118483
123 4 197541
Kadabra 5
165 4 109772
42 14 242932
25 2 116734
128 6 196518
Articuno 84
74 8 250067
22 15 31041
213 2 207374
94 3 77312
Gloom 74
12 12 147917
116 8 141887
42 7 72296
14 7 65849
Nidorino 67
174 4 122381
221 9 117751
179 6 134091
145 5 194534
Raichu 51
30 4 139359
212 13 135373
127 3 172994
91 8 23524
Pidgey 16
46 4 68704
115 6 173628
216 12 47984
172 10 189838
Lapras 68
50 5 230843
13 4 30526
193 8 42677
29 1 45138
Rattata 54
253 7 228135
11 1 107241
210 10 91966
87 12 146690
Magnemite 82
50 11 178527
251 7 12260
172 3 203704
31 11 74038
NidoranH 9
48 13 250479
200 15 81415
203 8 164254
208 1 250683
Farfetch'd 97
128 4 634
239 8 225261
208 9 185168
88 5 161826
Flareon 88
6 5 227092
59 12 226988
115 15 261871
45 2 191569
Raichu 58
51 5 141539
228 6 226911
131 14 62606
10 8 12753
Meowth 75
215 2 29107
1 11 133244
91 12 23584
25 2 251557
Parasect 70
72 14 213623
3 13 23054
213 3 29033
55 6 60114
Koffing 43
136 13 121539
138 1 45915
139 3 103169
55 2 135826
Nidoking 19
253 9 255463
214 8 203425
96 2 54507
11 9 163543
Beedrill 53
12 5 29373
164 15 54410
245 2 2851
150 6 174961
Goldeen 4
98 6 195269
252 7 76535
178 13 34358
123 15 29305
Hitmonlee 68
87 9 17357
186 2 103524
36 2 23644
113 12 55670
Kabuto 74
234 13 161697
33 5 182014
29 7 25615
161 7 111341
Clefable 63
217 15 166284
43 9 47400
245 15 229083
235 5 43044
Pinsir 92
8 14 93966
147 11 120465
43 5 66839
216 2 212444
Mewtwo 70
16 1 89430
156 1 205784
27 6 253038
249 2 37753
Vileplume 13
198 11 95248
250 6 124089
76 14 190865
4 11 124533
Vileplume 60
21 3 35711
234 7 156738
170 4 108208
13 9 97266
Pidgey 65
46 14 6612
42 1 237583
21 14 117377
125 5 126193
Hypno 74
21 11 220895
109 14 91494
15 5 259035
13 4 144333
Nidoking 62
193 9 181145
191 4 21919
25 15 52229
243 2 210323
Arbok 99
248 14 29600
109 13 50820
25 1 62735
46 3 67333
Cubone 54
164 7 39075
28 9 93064
46 11 161390
70 8 137996
Articuno 39
240 3 50733
105 10 247548
176 10 17237
35 1 158634
Venonat 48
224 6 60384
27 10 126745
186 12 163262
62 14 141679
Golbat 18
28 4 248893
29 10 122942
147 6 36625
77 7 15047
Magneton 51
231 13 119336
181 1 261665
204 13 182256
13 11 164830
Dragonite 96
128 15 36453
248 13 136129
66 12 50212
48 11 129107
Muk 72
199 9 55763
199 10 184084
123 11 249873
7 12 178028
Kabuto 64
254 11 139684
97 1 240998
147 13 8137
6 8 256856
Lickitung 26
255 1 142908
98 1 21416
9 2 210987
194 8 74831
Tauros 54
223 6 83388
56 9 208364
60 10 173118
109 11 195969
Pidgeotto 71
38 12 159485
164 8 80839
55 2 155247
254 7 14538
Zapdos 14
227 11 4699
233 10 90944
103 2 144589
85 12 8586
Nidoqueen 35
75 3 134074
30 13 207881
98 13 211594
44 7 79141
Gyarados 89
251 4 146173
171 4 62849
189 5 45857
218 5 230617
Weedle 4
227 1 199608
35 9 192193
203 14 41357
189 6 151146
Graveler 76
128 5 183247
227 2 164354
170 13 211105
215 11 143240
Pidgeot 90
162 12 161354
14 12 81194
36 3 213211
149 7 193165
Articuno 39
222 1 43807
177 2 88028
243 15 72430
176 9 82341
Chansey 65
40 3 45329
155 15 34242
252 8 16590
217 12 182237
Charmander 42
124 9 100666
13 1 202855
237 12 88909
227 8 15284
Onix 40
75 4 210603
107 2 68475
198 5 238730
33 6 251425
Charmander 37
204 2 83904
204 7 55509
114 2 191879
158 3 65894
Kakuna 87
33 14 10804
45 2 188420
158 10 176716
227 15 67547
Magikarp 71
85 11 223984
134 6 228044
20 9 36657
64 4 117102
Tangela 89
10 13 92007
147 3 65450
137 2 133594
95 2 147171
Venusaur 96
214 9 87028
6 15 191515
151 2 253433
184 12 184313
Bellsprout 52
32 15 116670
57 6 44783
159 6 79511
241 5 56956
Vaporeon 92
165 1 241643
50 6 23802
100 9 185068
152 4 108284
Marowak 64
126 11 39615
207 10 45011
24 14 36733
48 6 251581
Beedrill 40
204 2 191467
218 14 93888
91 10 86427
220 9 169985
Clefairy 17
194 12 235503
155 8 56982
50 12 256604
99 12 90943
Ponyta 77
158 12 225551
203 14 78305
94 14 181988
232 5 42249
Kangaskhan 93
199 13 149742
154 1 118629
28 5 154306
27 10 172756
Squirtle 30
119 1 49840
45 7 65303
228 3 149162
158 2 76479
Weedle 65
240 12 4143
131 13 208060
199 8 260986
178 2 173226
Staryu 11
224 8 214751
24 13 170359
60 7 226685
76 4 7804
Poliwag 64
224 3 168788
117 13 184037
129 3 200805
216 10 126889
Magneton 29
162 7 85758
255 9 22995
28 8 3278
17 9 60452
Shellder 57
232 13 241089
45 6 80131
22 11 240443
27 15 58916
Venonat 2
236 8 93400
6 15 88429
226 11 66603
85 10 80328
Weedle 10
27 4 167470
173 5 187875
162 2 93133
72 10 30823
Haunter 36
134 7 236356
255 5 176052
3 12 3963
52 7 209380
Bellsprout 79
218 9 122461
207 8 219307
114 14 153068
203 1 244791
Lapras 15
170 7 8758
202 6 110357
252 10 81856
81 12 24738
Jynx 45
129 3 176766
25 4 177702
185 3 22030
234 1 206079
Growlithe 34
40 4 182297
240 9 251551
167 11 170938
52 2 136960
Rapidash 94
19 8 25645
252 7 20093
227 12 9295
51 14 156511
Articuno 92
171 10 34225
196 6 38099
35 5 107414
10 3 226153
Alakazam 20
75 15 255092
204 7 230159
68 13 82686
103 12 256536
Lickitung 46
174 5 97965
103 2 77624
217 14 222364
136 3 64179
Cloyster 97
61 5 171739
16 4 64129
150 15 113545
184 9 97344
Marowak 28
44 4 208257
41 12 45483
1 9 112475
36 8 138195
Golem 60
206 7 123608
97 4 136513
193 4 167345
57 5 71797
Squirtle 38
229 9 249442
43 4 65202
156 15 64591
197 11 124341
Jolteon 88
2 12 147565
241 2 12057
66 10 229574
182 11 238666
Diglett 24
18 13 170224
222 5 107301
152 10 203742
26 9 201013
Cloyster 24
200 1 108542
255 12 171790
48 12 87646
12 3 33519
Parasect 72
62 11 224929
9 12 162325
168 14 144004
180 10 18050
Zapdos 82
144 14 114912
183 10 186978
3 7 220538
100 14 111094
Raticate 98
104 13 121173
95 9 26330
140 12 74584
80 4 128030
Oddish 27
50 1 174909
225 15 64933
87 4 204575
92 9 1304
Vaporeon 10
110 8 251375
91 2 122886
243 3 242668
20 2 46218
Venomoth 20
155 14 141382
2 9 2440
99 9 161196
83 5 208841
Voltorb 94
70 10 21200
255 15 202823
71 10 228401
206 2 209593
Victreebel 82
115 12 169469
29 10 199315
98 3 173997
53 2 125027
Mankey 84
116 12 22326
95 8 143897
128 10 237255
231 1 217997
Grimer 62
142 2 9418
46 11 40785
42 7 188254
152 3 135616
Rapidash 98
207 1 164295
49 7 59517
40 10 230395
134 3 209442
Kakuna 50
23 1 185939
75 15 48449
188 3 202586
78 14 242648
Marowak 18
131 7 64451
124 11 258430
90 3 66039
15 12 159028
Chansey 47
58 11 192152
129 12 77434
75 10 197817
16 14 192815
Pikachu 30
219 6 190475
75 1 236976
198 5 5295
36 11 144461
Dodrio 37
221 7 182410
157 2 96429
88 9 183249
47 9 37081
Dratini 28
98 1 20186
12 5 134139
200 4 60843
145 14 38839
Persian 31
110 12 11355
44 1 217455
202 8 210195
150 9 56937
Pidgey 18
65 3 58782
41 5 118243
137 9 2970
199 4 5869
Poliwhirl 94
196 14 15589
82 9 176990
53 4 177430
65 2 187430
Goldeen 27
135 15 229063
197 3 144911
111 13 64562
48 6 246570
Electabuzz 28
80 13 112367
220 12 120863
64 15 245395
255 13 144808
Pidgeotto 18
94 10 184364
2 9 81116
27 2 29823
98 3 103201
Spearow 29
28 3 34321
243 14 204535
45 3 227714
106 12 51291
Weedle 93
155 8 195770
115 4 40159
29 8 251117
90 13 35357
Primeape 42
171 2 42830
220 5 143517
77 15 24437
231 12 61495
Slowpoke 82
17 6 123939
227 1 29938
200 11 220578
18 14 3930
Koffing 2
157 12 164064
95 7 1945
188 9 240172
57 12 224780
NidoranM 42
221 14 124532
196 6 46156
10 9 7951
86 11 255684
Farfetch'd 80
183 3 57755
91 8 255864
172 7 240608
8 10 56332
Weezing 12
202 15 260970
41 4 139497
39 13 258472
99 15 14645
Sandshrew 81
44 14 41759
228 13 222182
233 4 37990
152 13 226482
Pidgeotto 61
151 10 82660
179 6 250454
168 12 179921
243 5 150735
Slowbro 61
178 6 215466
198 2 142997
123 6 130016
147 8 190716
Jigglypuff 87
45 8 243525
109 1 93581
86 7 168172
82 3 114042
Doduo 80
155 7 38485
253 14 26266
183 2 95948
31 10 24565
Onix 14
229 10 61530
98 4 178088
229 2 33211
122 6 160063
Dragonair 20
17 7 100255
102 1 208533
66 12 139586
52 12 48028
Poliwag 2
193 4 23464
132 14 43810
124 1 169293
219 5 96580
Hitmonlee 12
204 9 11429
6 10 43585
203 4 43445
208 12 159060
Ponyta 20
136 10 48989
160 5 212868
85 15 63958
104 12 32672
Oddish 10
141 15 77250
37 8 79560
241 1 136416
174 13 117139
Zubat 42
227 1 74097
208 8 8648
47 8 99439
57 13 54941
Drowzee 19
214 2 165751
113 2 107229
53 2 124903
206 10 173660
Jynx 72
198 11 102328
124 10 197526
179 13 11199
223 8 105410
Kakuna 37
109 13 164282
22 6 77705
136 15 116086
16 13 205917
Dragonite 34
112 6 113902
144 10 143809
34 1 174047
133 11 94537
Fearow 42
224 14 178880
195 9 205853
201 8 124005
132 1 175398
Kadabra 30
90 10 87299
172 10 216670
196 2 191545
175 13 161232
Magnemite 62
236 15 50449
210 8 229893
137 10 165382
194 13 69418
Venonat 73
50 15 66910
120 12 58350
174 6 108780
233 9 99287
Nidoking 1
183 6 26280
254 5 117451
28 3 153770
34 1 12193
Lickitung 11
121 9 252239
33 13 203882
142 8 159278
90 12 119605
Pikachu 80
10 13 47032
144 15 43039
33 12 190059
180 7 137757
Parasect 16
30 4 135160
203 1 55584
149 8 248338
44 9 115249
Paras 35
153 3 63269
68 8 36186
121 7 67231
52 8 248617
Exeggcute 18
67 3 179556
252 9 45389
41 3 12592
55 2 127252
Wartortle 52
178 7 938
157 6 261408
87 3 177764
189 10 13595
Sandslash 20
221 7 146544
55 6 230080
93 4 109784
21 13 7137
Aerodactyl 86
226 12 132473
168 9 53816
60 4 251624
32 2 43765
Doduo 83
106 11 148560
147 11 219608
62 3 140002
235 12 86937
Venomoth 43
142 8 197983
139 2 34753
70 11 184997
157 9 252162
Nidorino 7
253 6 219809
81 15 32284
252 15 228410
167 11 97139
Moltres 96
126 12 40048
155 14 143479
179 1 81802
129 12 252272
Tangela 6
77 12 86868
99 11 161006
58 1 16333
178 15 159692
Pidgeotto 65
197 7 152771
81 13 98945
169 9 261903
251 12 32241
Exeggutor 3
106 9 190332
130 4 199386
53 7 24652
135 13 34865
Voltorb 57
179 6 126984
115 15 225575
6 7 181276
254 4 52593
Gloom 56
162 2 195076
3 2 165435
148 6 183811
194 4 204801
Parasect 30
220 12 141687
185 6 54464
233 1 214007
186 11 34931
Jigglypuff 27
60 8 40083
25 6 56091
3 3 41529
5 6 146385
Vileplume 6
161 1 101938
233 11 102179
113 9 186778
215 5 211064
Oddish 82
217 5 106640
247 15 33234
171 3 130235
53 8 233490
Marowak 81
173 13 90975
39 5 173411
5 11 2034
63 3 245925
Aerodactyl 94
38 12 190926
230 11 75452
23 9 91545
47 9 41376
Poliwag 46
53 1 208805
211 7 64741
184 10 138773
115 4 79902
Hitmonchan 47
71 11 164368
238 11 22359
87 10 110851
107 7 107105
Kadabra 20
85 12 137606
254 13 118173
86 9 142765
58 3 223015
Exeggutor 41
75 6 208989
130 2 168337
61 15 56736
215 2 146873
Victreebel 63
192 7 184714
17 1 47184
241 12 48985
249 2 205365
Magmar 53
65 4 12385
36 12 48605
83 1 35184
183 12 74586
Arcanine 50
220 3 48874
109 14 197787
27 1 213480
29 13 198783
Electabuzz 78
96 13 131946
218 1 186587
13 12 201769
27 7 148071
Primeape 95
90 10 151952
121 1 1473
98 10 206741
48 5 64745
Nidorina 41
62 15 139385
178 5 114562
183 14 18856
12 9 164932
Arbok 59
93 2 67797
27 3 30633
21 1 100703
244 14 196242
Starmie 66
252 14 17337
128 9 210441
187 2 170415
154 15 227792
Dodrio 72
18 1 204436
27 14 9684
38 3 152422
112 6 230309
Gloom 8
76 6 236606
74 12 231229
127 13 164173
165 4 33969
Golbat 62
161 3 39528
33 10 80736
87 12 227971
167 6 132161
Squirtle 13
175 4 158521
73 5 166716
190 6 160512
40 11 68515
Charmeleon 19
199 5 4839
127 7 120651
190 11 171953
204 8 196882
Zapdos 26
235 4 204726
226 10 163161
130 12 141662
134 1 105166
Flareon 42
228 10 21558
123 11 77098
33 9 81110
84 15 56638
Gloom 13
73 5 129226
109 5 109750
214 10 52083
27 2 51235
Poliwrath 25
228 7 193556
83 14 108418
184 5 34750
146 6 45598
Drowzee 77
20 9 106973
69 6 80989
93 5 102363
177 7 28447
Moltres 78
90 15 243506
23 5 225300
138 2 225919
56 1 31480
Pikachu 64
222 2 29263
185 10 203252
62 14 48279
153 1 16607
Ekans 64
74 8 53106
195 12 118790
71 7 103090
34 1 224403
Clefairy 23
28 11 42685
3 3 22895
192 10 120926
6 9 155038
Abra 9
197 3 248990
9 14 175474
185 9 207416
165 13 81903
Venonat 17
105 3 256383
240 8 153316
182 10 196550
143 8 114641
Kangaskhan 20
18 11 259226
41 12 224028
20 3 132379
199 14 211931
Dragonite 54
54 8 205720
26 13 203244
6 4 259274
170 8 56216
Dodrio 84
69 14 43249
235 12 261102
133 12 115753
199 12 200409
Jigglypuff 10
33 14 212378
53 1 222722
233 2 116978
174 5 126397
Kabuto 53
115 1 1813
151 2 199702
97 11 230246
11 1 25494
Muk 9
102 1 145235
49 10 227298
209 2 226200
77 15 254649
Charmeleon 86
196 3 105823
192 1 102145
150 3 147805
139 14 232137
Caterpie 86
239 5 229758
28 10 3588
48 6 175435
246 15 2078
Wigglytuff 30
103 12 173624
71 4 119372
240 6 214050
36 11 476
Weedle 93
168 11 208346
34 9 136774
73 12 204081
47 2 74884
Golduck 98
21 8 13070
47 12 43806
59 3 31630
109 4 223907
Voltorb 95
102 2 118037
227 5 142124
7 9 101735
67 7 244511
Jolteon 66
48 14 227496
28 9 186758
202 14 71614
242 4 244142
Omastar 14
50 6 53874
191 5 260617
155 3 29804
83 15 135035
Caterpie 67
46 13 193605
88 14 88941
32 3 34308
6 12 138563
Electabuzz 91
83 12 205105
178 15 193668
232 6 51229
25 1 207115
Rattata 38
212 13 113488
63 3 209231
165 9 3163
210 4 100622
Fearow 83
91 11 36226
122 12 73936
70 1 105621
52 7 90945
Sandslash 58
26 6 57036
25 1 51885
195 5 33764
83 10 238421
Rhydon 91
119 14 118525
21 14 242978
85 6 176782
140 5 17675
Kangaskhan 73
30 9 246534
116 11 188344
132 6 77804
160 1 33934
Growlithe 20
148 2 11416
64 15 126514
189 15 25653
17 1 42601
Doduo 7
235 2 87988
38 13 48869
179 11 203509
195 8 111871
Starmie 5
124 9 201093
10 1 18951
164 2 59438
172 11 7505
Mew 89
97 13 43830
120 12 82936
192 11 228938
170 9 166335
Seaking 69
93 9 137983
14 10 150597
100 5 250051
93 5 130606
Horsea 41
73 8 36040
140 6 41058
173 9 77335
87 8 203894
Farfetch'd 44
205 11 74678
16 6 142755
47 9 89909
126 13 256363
Scyther 89
98 13 237479
158 4 114649
59 8 69018
94 1 160977
Vulpix 48
167 4 87670
52 2 186805
239 5 37258
231 12 192471
Golduck 5
124 6 8094
197 1 140093
54 13 6333
25 5 262024
Arbok 5
37 7 211360
130 10 157950
81 13 237899
85 12 206620
Electrode 33
118 11 140737
116 11 145002
12 3 250340
96 11 51364
Psyduck 71
27 9 133513
176 8 80327
108 5 122709
150 13 184705
Doduo 98
231 6 140557
8 8 36379
56 15 251150
27 4 139348
Nidorino 88
103 6 176428
125 10 143187
61 10 45503
50 3 111714
Raichu 68
157 7 74736
67 1 198053
54 7 222380
147 2 191756
Psyduck 50
144 11 165032
91 2 144534
188 10 169103
187 5 240064
Voltorb 24
248 8 10792
32 11 15198
154 4 12323
101 2 78846
Exeggcute 19
123 9 144479
92 7 238601
150 6 10250
137 3 35334
Pidgeot 78
61 6 174678
241 7 159506
45 13 102882
151 12 91839
Fearow 24
53 3 198349
37 4 226394
43 5 62115
128 3 246792
Meowth 5
41 3 213525
242 12 175831
64 15 44170
108 13 74259
Marowak 39
156 14 26623
254 7 83142
172 3 235338
89 1 19986
Caterpie 40
106 6 130824
244 7 180365
233 7 165077
214 7 134010
Nidorina 56
94 1 123894
208 5 115855
249 9 150153
113 4 255099
Venonat 54
182 13 186064
117 9 215682
227 15 249811
138 8 113237
Fearow 79
241 6 34188
178 2 217248
69 2 89114
210 13 185291
Arbok 87
108 12 128328
242 13 260647
146 11 51453
10 2 235713
Horsea 36
241 5 106443
133 15 234390
126 12 118026
13 4 50726
Arbok 22
3 2 213982
100 11 1514
73 6 196648
39 4 204496
Wartortle 94
186 2 153385
28 3 106398
215 12 38576
156 8 2071
Butterfree 6
133 6 121476
77 14 54710
205 5 50782
116 15 142297
Dewgong 46
29 13 163948
251 5 30393
102 6 148913
54 14 115175
Venomoth 82
174 8 148074
75 12 15810
157 9 198365
215 14 101658
Dratini 47
174 8 32964
128 8 180899
210 2 170768
156 6 222976
Arcanine 24
148 9 75212
58 11 89703
81 15 241974
55 8 33309
Venusaur 83
160 3 207658
126 9 161219
93 8 104039
16 2 239995
Oddish 48
95 12 125515
156 6 80013
38 8 159315
170 13 67494
Ditto 60
122 12 124084
68 8 164122
198 13 245728
242 4 115219
Magikarp 22
4 11 145776
218 4 145070
18 15 202105
177 13 152614
Jolteon 46
130 12 152904
56 12 151877
130 8 222018
180 14 28474
Doduo 20
171 13 207731
88 3 220631
210 3 11813
167 9 245339
Sandshrew 94
128 8 187670
209 2 48921
129 14 180594
216 5 248168
Grimer 26
178 13 96345
107 10 232
64 8 52569
29 1 254551
Mew 65
74 4 1661
104 11 158219
253 13 103611
13 7 142155
Gyarados 50
5 9 239674
174 6 94335
224 13 60958
18 15 52020
Diglett 99
135 12 206599
166 5 249799
232 12 25010
237 13 198977
Psyduck 26
139 12 227290
154 3 84722
123 4 64695
186 10 42231
Exeggcute 59
41 8 112093
156 4 55969
123 6 243095
174 13 80772
Machamp 39
137 4 83953
154 2 4681
129 6 120602
235 13 145809
Beedrill 71
44 15 209767
23 13 252954
18 5 128693
26 3 259037
Lapras 59
242 11 146635
203 10 191195
182 14 61
233 13 116342
Zapdos 45
79 14 252209
244 2 55902
99 1 244967
155 14 110395
Golbat 19
33 5 184640
188 9 235527
139 10 210628
54 6 183033
Magnemite 23
48 6 181666
31 1 188559
217 2 235910
89 13 241477
NidoranM 57
80 8 11172
72 2 246485
213 8 34286
114 2 121846
Poliwag 45
119 1 168198
206 11 62537
5 15 219756
96 3 175085
Kadabra 94
239 15 199106
44 4 204247
233 2 90428
224 12 215105
Koffing 53
241 5 37970
32 15 113689
29 3 114016
186 13 233887
Butterfree 23
138 12 252455
38 1 91302
173 14 230488
223 8 70775
Seadra 32
128 9 220261
128 5 216018
120 13 165486
27 7 28964
Pidgeot 56
251 11 40943
102 5 128273
21 1 54653
159 14 247124
Farfetch'd 38
72 15 99843
98 9 45824
123 1 97209
159 8 182099
Sandslash 79
249 6 116940
190 9 91740
99 3 163273
107 4 119925
Kabuto 19
177 12 66566
29 11 140324
54 8 104125
28 4 225266
Omastar 22
203 8 23310
170 12 240839
114 12 115829
112 14 224440
Moltres 46
89 9 86061
24 4 82795
102 9 216904
143 4 54286
Seaking 16
175 13 75333
79 10 148872
22 5 138814
130 10 198849
Pidgeotto 31
208 7 98858
5 8 99683
71 10 3794
70 4 201576
Sandslash 5
152 3 74281
175 9 102841
194 10 257723
173 15 239660
Fearow 8
58 9 52840
222 6 124430
104 8 42497
146 14 15365
Paras 67
156 10 199948
119 5 206545
73 15 256869
252 5 26617
Dragonite 33
22 7 109029
156 3 248020
52 14 249776
51 4 26958
Vaporeon 68
221 2 176826
64 8 145859
116 14 248683
71 6 9334
Kabuto 78
246 9 186848
200 1 113219
71 10 97574
255 6 124461
Rattata 17
113 11 238518
182 2 69339
12 14 227294
105 4 79821
Voltorb 94
44 15 218846
35 13 101072
249 11 72047
211 5 27557
Gyarados 73
208 8 237953
15 7 224048
133 3 216065
229 3 96154
Pidgeot 24
141 4 113528
202 2 87621
54 4 190646
148 6 199216
Growlithe 9
153 8 189371
28 1 2153
193 4 251976
174 8 174446
Nidoqueen 85
151 2 183312
126 3 177788
180 3 112698
13 6 116506
Slowbro 70
227 4 36165
91 2 28740
14 8 222184
145 9 121989
NidoranM 98
13 1 195515
161 5 216715
137 6 31469
143 3 102973
Tentacool 11
194 7 153142
74 1 198594
221 2 261285
241 2 79135
Tauros 71
126 6 250878
21 7 67228
79 6 24959
19 9 190620
Abra 39
139 15 259829
255 8 81404
162 11 245478
66 14 195441
NidoranH 43
103 12 51539
78 14 38033
134 11 7724
199 3 30585
Metapod 7
193 4 16770
214 5 251125
64 14 172449
57 15 80161
Ekans 89
189 9 187083
144 8 229733
12 4 46696
162 10 140493
Bellsprout 61
207 15 18576
167 1 242267
40 12 58565
5 8 99849
NidoranM 87
138 14 141992
197 8 46952
180 9 34751
143 12 2742
Chansey 100
49 11 65651
14 15 235639
25 2 103679
24 8 163491
Weedle 53
9 11 156267
221 4 71101
64 12 229449
9 15 78909
Jynx 22
106 8 18216
161 2 126678
76 8 33523
129 10 61473
Hypno 76
101 1 76306
140 15 54725
76 6 92269
33 8 78456
Jigglypuff 50
220 4 165223
164 8 29036
84 9 152400
221 15 6337
Moltres 35
58 15 130118
161 15 116931
60 9 142415
165 11 233676
Diglett 41
98 4 72554
16 13 252800
39 11 37364
71 11 172855
Dugtrio 51
9 8 78510
234 6 226546
130 15 100821
123 5 185384
Chansey 16
78 8 213814
1 8 104053
85 15 35340
249 10 13130
Ekans 93
117 4 30890
206 11 257054
149 15 127449
80 2 27958
Mankey 59
17 11 118634
99 7 25900
133 11 160440
97 3 47463
Machop 63
241 8 55807
158 8 243765
3 4 176822
251 1 242805
Jynx 76
211 10 95547
37 15 194839
128 11 231678
37 6 180574
Vulpix 20
14 12 229134
213 14 58327
48 5 121882
156 3 35565
Venomoth 14
164 6 156497
30 8 38803
16 13 56329
105 12 134404
Dratini 77
36 14 212685
5 11 220247
88 15 183857
174 2 247355
Machop 98
190 4 143009
62 2 159541
60 11 28772
111 14 172119
Snorlax 26
138 1 93347
146 1 58737
135 2 185473
33 13 133776
Gastly 54
193 11 18954
205 3 123334
30 10 203285
254 5 18611
Pidgeotto 35
72 5 58305
57 14 41061
216 13 126727
30 14 11604
Exeggutor 42
30 1 198667
137 6 64346
141 7 26948
107 9 190400
Geodude 83
136 9 48223
213 5 78788
165 15 215401
134 7 164128
Mankey 61
86 12 211413
158 11 215227
197 13 162038
88 13 104267
Primeape 33
39 10 90160
153 7 19806
105 4 13628
153 10 254124
Cloyster 74
216 12 104473
2 7 191725
59 3 74946
183 5 75113
Tentacool 32
36 15 18244
5 5 81715
83 12 186189
181 9 194504
NidoranH 87
189 9 125766
183 13 258470
94 5 191818
228 11 141709
Eevee 41
106 5 125229
65 10 61341
143 9 165734
167 14 140844
Voltorb 75
26 1 242070
31 12 58076
240 1 222732
114 14 240198
Doduo 4
148 6 144774
54 1 19635
9 10 25386
145 10 189342
Hypno 89
49 5 163191
125 1 87602
62 2 122268
210 8 147369
Shellder 28
89 11 201744
6 1 150866
31 8 129966
242 3 195378
Moltres 63
246 13 261677
82 13 108881
244 9 175887
108 9 38641
Charmander 13
220 13 185925
94 11 74686
214 6 126523
4 13 237216
Gloom 88
76 13 139148
195 1 64647
44 9 93577
40 9 93601
Jolteon 77
163 9 247867
120 11 226591
46 1 137604
142 13 186750
Seaking 54
79 11 243975
83 9 239734
123 9 253120
45 7 55263
Poliwhirl 40
123 3 39127
191 4 68562
204 10 95932
62 11 148095
Starmie 12
144 11 252722
236 8 242219
125 5 242687
96 13 12240
Slowbro 17
255 10 105598
24 12 188690
193 1 243471
197 3 169601
Scyther 61
172 13 18700
108 4 98236
216 3 174809
234 2 16060
Kingler 55
242 15 222763
187 3 3394
87 11 186264
137 14 144531
Eevee 30
19 12 65060
147 2 119217
231 6 8913
114 15 245633
Mewtwo 21
171 3 252821
66 4 86705
147 8 209344
179 2 120978
Machop 10
123 2 36823
7 3 246469
198 14 138683
149 8 72248
Doduo 26
168 8 90284
200 6 176289
171 13 8353
38 2 4451
Eevee 41
46 12 88113
233 15 75375
35 15 187461
58 4 176232
Squirtle 38
123 4 158293
109 3 221211
163 7 23592
255 14 242025
Vaporeon 91
25 9 132373
166 10 26839
156 9 163666
143 1 119426
Machop 53
136 9 178625
204 5 252868
229 4 123177
179 7 143264
Venomoth 57
105 2 143436
75 6 34181
95 7 192415
142 5 142362
Tentacruel 23
239 5 24401
5 11 254580
107 11 63476
128 8 139924
NidoranM 73
11 10 11454
182 1 84091
63 5 227503
72 6 198534
Graveler 57
222 9 12988
214 11 809
176 10 194528
174 12 17151
Arcanine 41
190 1 104509
115 9 87948
93 4 30509
225 2 19029
Doduo 76
75 12 248856
235 10 42774
226 11 137901
10 11 97121
Dodrio 9
224 9 133527
236 9 63064
32 13 74442
102 9 92955
Slowpoke 67
135 11 94453
134 15 180766
24 10 237093
83 1 78313
Poliwrath 93
113 15 177272
157 6 250072
142 7 252376
164 5 238454
Farfetch'd 58
42 10 139443
247 4 60630
58 8 183049
105 13 74087
Wigglytuff 35
209 10 58803
237 8 174234
9 5 139020
12 3 166870
Hitmonchan 87
223 11 96380
53 3 228910
50 12 249178
186 8 105784
Nidorina 70
101 12 116231
103 3 43446
110 12 242450
255 12 236347
Fearow 91
237 1 66641
43 1 83267
99 9 21945
36 11 221914
Krabby 77
224 8 102462
243 4 214166
72 13 230380
38 11 198489
Kingler 39
251 6 162765
85 2 223291
189 9 179662
219 9 261982
Hypno 3
159 11 169111
236 13 236797
249 9 16304
244 5 48248
Pidgey 79
178 15 105357
158 9 231932
52 6 147818
85 12 244997
Victreebel 6
167 6 78010
42 15 125973
239 4 156563
101 8 254662
Vileplume 100
74 3 192314
152 8 135561
43 8 86414
47 1 149674
Farfetch'd 1
122 7 218293
55 2 77446
100 9 6273
145 10 209641
Starmie 16
54 1 118887
198 7 81249
34 2 144858
94 10 206819
Magmar 96
4 1 5554
53 8 148055
190 9 17201
49 9 158995
Rapidash 10
180 1 69791
118 3 260669
102 4 81998
202 10 242176
Hitmonlee 74
208 7 141844
74 14 103840
185 1 860
182 11 157026
Sandshrew 80
153 2 260804
207 1 9936
223 7 187941
45 10 55758
Zubat 91
33 6 10166
248 7 202485
34 13 210350
173 13 84225
Diglett 93
124 5 19370
211 15 260023
145 5 242316
158 12 161955
Exeggcute 10
21 12 223229
209 6 80890
33 13 91218
68 5 25393
NidoranH 49
50 4 113293
44 7 137655
32 1 234769
80 12 241920
Porygon 96
172 6 75785
150 9 191034
201 4 247132
221 13 75209
Poliwrath 6
166 1 166328
17 14 252508
116 4 122465
67 10 198851
Kangaskhan 18
15 1 83166
44 6 83160
54 4 109990
168 12 170462
Scyther 29
221 9 120222
28 13 155345
112 13 67754
214 9 224754
Horsea 96
164 5 216919
156 15 201578
213 11 97205
75 13 237464
Sandslash 26
82 3 12328
42 14 172517
135 8 7962
175 6 215454
Raichu 47
131 8 45525
58 8 251822
227 8 229428
106 4 243597
Weepinbell 94
239 1 206507
173 7 133726
186 10 100946
226 8 27075
Exeggutor 29
194 8 48481
148 4 159572
252 12 45484
175 4 117788
Muk 29
172 9 91228
195 7 35971
149 9 26312
178 6 135815
Vulpix 100
243 6 189425
180 3 132984
109 2 244391
189 1 164331
Magikarp 8
120 1 12184
132 5 154400
78 15 48118
212 7 193776
Vulpix 74
240 5 32778
201 4 224571
187 6 58278
31 6 45615
Exeggutor 95
142 12 121645
122 5 60693
17 6 249697
27 3 223738
Metapod 46
19 13 54834
224 1 51228
161 10 139565
96 13 81072
Farfetch'd 68
241 2 58390
191 7 212226
23 8 156758
164 9 59931
Pidgey 55
13 15 38969
157 9 156507
143 3 102538
220 1 235501
Nidoking 8
163 5 100359
209 11 118835
93 1 244279
14 13 220169
Grimer 43
134 6 139156
195 15 119756
33 14 38690
179 12 35139
Eevee 29
43 13 206607
141 11 29922
13 6 127061
102 8 234066
Cloyster 52
37 10 85297
194 2 146288
189 1 115971
162 5 103212
Tentacruel 43
203 13 70811
20 8 1239
159 8 245327
70 5 74883
NidoranM 55
156 7 83365
182 4 242755
54 2 188265
161 8 197687
Rapidash 59
94 3 105908
162 4 95404
25 5 174850
47 12 254480
Nidoqueen 54
101 6 117145
46 8 80388
87 3 201630
231 8 62424
Grimer 45
107 9 147124
170 15 236330
236 2 214273
37 2 142374
Blastoise 81
226 7 35401
137 1 1200
91 12 132793
32 8 166219
Slowpoke 32
220 11 166035
168 12 124351
225 1 71305
31 6 208186
Farfetch'd 54
36 13 25416
180 14 154755
52 13 35775
96 11 173906
Omanyte 9
100 3 82625
162 10 42857
250 14 191101
156 9 141670
Golbat 34
162 3 98286
141 6 198888
6 6 161374
19 6 138322
Alakazam 41
253 1 215755
221 15 246880
129 12 94141
199 12 17791
Ninetales 46
109 7 78223
41 15 197260
202 10 62289
56 11 88022
Pidgey 68
144 4 79129
60 10 239867
106 8 207761
84 5 79551
Golem 50
120 9 129110
91 14 155707
244 2 131277
118 3 61313
Pikachu 52
93 3 133489
255 13 144609
180 7 250078
221 8 1373
Venomoth 58
133 14 229743
166 8 44799
108 11 81358
219 10 25658
NidoranM 39
213 11 4337
154 12 230203
48 9 211654
54 8 16592
Cloyster 96
101 8 215846
8 7 9682
76 5 22732
55 10 130072
Hypno 17
63 7 4429
96 6 90062
194 15 247462
96 9 152732
Charmander 33
72 3 149659
176 5 241754
3 13 100496
69 4 177525
Slowbro 60
54 15 225020
94 14 55234
40 4 59307
83 2 71453
Kangaskhan 80
190 4 48609
184 6 61753
82 6 178718
135 10 70370
Krabby 92
130 5 85437
23 12 116794
162 12 85396
122 14 11809
Nidorino 82
26 2 104740
173 3 218365
243 12 202310
137 10 44649
Clefairy 39
167 11 54526
68 14 147577
59 3 84519
163 2 154473
Spearow 88
180 9 34528
26 9 250146
189 6 87384
187 7 219301
Dodrio 46
70 3 53614
91 3 49757
229 6 92257
24 1 79655
Eevee 7
103 14 230600
131 11 222865
159 15 118172
207 11 210284
Ekans 85
44 5 68253
206 15 144065
240 11 155257
161 3 52627
Zubat 84
247 6 90184
172 5 124781
225 4 48346
51 13 51321
Nidoking 46
153 4 226114
126 7 974
57 5 22815
192 8 23701
Spearow 8
193 9 234274
234 5 69971
90 2 199847
218 9 141581
Magnemite 54
154 7 190180
7 14 220260
114 7 200237
63 2 10881
Dragonite 44
208 13 125054
255 9 223048
179 8 62229
19 12 20900
Nidoking 10
122 8 18450
195 3 177091
171 9 249764
127 13 92091
Nidoqueen 49
183 3 248775
14 10 201238
229 5 28809
230 5 33953
Mr.Mime 53
133 11 145092
198 3 202447
244 8 231235
243 3 172416
Weedle 41
84 15 233109
180 1 80982
247 5 174087
208 9 70025
Kangaskhan 61
43 14 129434
172 2 96709
242 2 210802
60 14 215623
Alakazam 64
62 8 57100
122 9 12065
17 10 254840
46 6 115291
Haunter 1
94 3 58390
64 6 76879
137 4 228092
108 3 173458
Scyther 65
200 6 251855
69 14 10270
147 5 226574
74 12 238085
Hypno 73
1 10 93219
233 2 176051
23 12 98330
76 6 260391
Electrode 63
14 10 235717
131 1 228839
45 9 15675
1 10 121157
Zubat 87
122 8 227608
209 5 102678
134 8 43637
225 2 110252
Rapidash 60
210 3 3346
97 1 96275
168 11 27172
107 9 64669
Jolteon 91
250 11 8347
123 1 180865
161 10 126944
38 3 39974
Dodrio 54
122 5 222240
237 8 3535
154 1 67994
70 2 42409
Flareon 28
132 11 34287
190 6 188418
66 5 193423
133 9 154998
Diglett 29
116 11 124969
34 6 196519
211 4 123870
145 1 131512
Mew 80
218 7 142214
162 13 186706
104 3 59338
225 11 46607
Charmander 82
2 1 20267
162 6 65342
131 6 228082
180 14 184238
Marowak 50
190 3 206978
245 5 200206
87 8 223813
28 5 243360
Mr.Mime 15
69 6 71639
223 7 36432
222 5 63708
63 10 206387
Rapidash 28
254 1 29343
158 2 130691
135 14 223645
128 6 182244
Tangela 81
135 3 125249
43 6 253199
238 9 151711
29 15 76822
Clefable 60
252 1 160116
120 14 243611
244 7 233578
39 6 58496
Magikarp 6
184 10 128002
114 1 132871
32 6 203675
77 6 102387
Kabutops 39
147 14 23739
246 8 140269
52 2 35435
9 9 111104
Horsea 90
215 4 23404
104 7 110355
59 3 229657
182 14 63965
Nidoking 14
112 14 261188
88 4 31366
119 6 130531
133 3 220434
Jynx 6
184 2 201234
67 15 253534
135 8 206324
245 9 248944
Gloom 88
172 2 122915
204 1 242157
103 5 204178
214 8 64782
Dragonair 70
87 6 150546
189 1 40920
157 14 116713
170 5 78071
Sandslash 64
191 13 173164
145 8 82545
142 10 191194
138 6 132081
Clefairy 91
20 10 191081
227 6 214643
37 10 185897
29 15 112798
Kabuto 81
255 14 47484
112 15 58849
82 8 141559
174 2 105441
Nidoqueen 39
98 11 14077
3 9 70363
47 8 42486
6 11 157561
Omanyte 30
228 14 20062
208 1 223898
143 10 98549
226 10 233399
Moltres 80
93 14 207981
198 9 188302
177 8 130339
196 12 210527
Raticate 76
215 5 61368
151 6 47098
209 6 166951
109 3 78124
Blastoise 28
235 4 22905
61 15 165296
37 10 150497
224 3 163017
Magnemite 90
2 12 111024
103 11 169766
213 1 139055
76 5 42319
Sandslash 91
21 1 235869
25 8 194423
171 1 147825
42 2 224894
Pinsir 28
104 1 247430
152 13 127349
255 11 213834
167 11 131060
Kangaskhan 13
116 7 33800
240 15 257455
149 1 254359
102 6 130797
Dratini 91
192 1 106096
77 9 195000
226 9 228548
137 3 226502
Flareon 38
132 5 5042
146 10 146458
165 5 216107
149 1 99000
Omanyte 36
90 13 203239
97 3 13768
53 3 43854
176 13 91519
Mewtwo 98
62 9 236661
66 14 43231
190 8 12924
194 6 256817
Beedrill 7
166 10 246945
182 6 135264
138 13 40601
117 5 112924
Golduck 92
135 14 228209
13 11 70119
142 2 90024
74 10 21467
Charmander 15
93 11 151253
231 14 137307
143 3 55892
244 13 160167
Venusaur 31
161 1 23952
186 7 211577
51 14 164403
229 14 159972
Clefairy 35
86 6 229233
126 4 141513
208 7 255478
165 7 109533
Shellder 31
52 2 92053
155 2 175125
26 3 194237
199 6 134972
Clefairy 55
27 2 50272
77 1 3257
71 9 34678
24 11 40999
Horsea 60
165 4 92683
44 2 52237
207 6 105177
174 10 77761
Ninetales 11
178 7 199809
52 10 240606
174 15 143833
25 15 193225
Chansey 48
124 4 85265
47 2 73376
21 15 18745
28 5 6915
Ponyta 76
39 5 189073
99 14 147058
65 5 31642
238 4 107843
Tangela 82
59 4 151135
1 3 8617
165 11 172081
242 10 256973
Diglett 92
126 5 258709
192 4 201796
30 11 19756
56 11 74509
Articuno 82
110 1 40377
136 14 18910
175 6 159970
251 10 155012
Flareon 60
124 15 240641
62 7 149490
237 12 130570
7 14 30880
Psyduck 43
10 9 251700
240 6 86136
170 14 108562
117 9 102496
Horsea 27
222 6 9369
183 3 106119
221 10 58799
20 7 182440
Slowpoke 1
60 1 260371
82 8 178880
103 4 222675
118 10 219323
Persian 22
150 9 184648
8 1 78901
197 8 179479
204 3 144516
Gyarados 36
36 7 101908
78 7 78864
167 12 114508
135 3 55044
Onix 18
99 10 103758
226 4 7557
132 8 70498
245 12 7312
Abra 72
216 1 257350
87 14 253142
169 13 27445
151 9 108463
Rhydon 90
110 8 41724
92 12 101693
112 5 28077
189 11 14391
Pidgey 50
186 8 4604
222 2 239918
49 6 51593
230 6 227055
Rhyhorn 61
61 4 104015
130 5 156415
200 3 140349
94 9 44616
Metapod 88
174 5 92975
174 8 46061
157 2 144258
36 12 134942
Victreebel 23
208 2 135967
10 2 78584
236 13 225873
80 9 81414
Lapras 50
48 12 52842
207 8 120929
255 2 220275
218 15 166053
Meowth 90
22 3 11708
44 12 40491
170 13 132371
19 5 67764
Primeape 18
93 10 231689
17 12 62572
7 15 227971
234 14 10039
Exeggcute 16
15 5 182729
212 13 122276
180 12 10610
200 10 78428
Ditto 96
206 3 37211
68 3 108645
112 9 235890
137 4 204851
Tauros 69
46 2 89814
186 3 102816
26 5 93605
80 3 178388
Omastar 2
15 11 62938
231 4 41481
108 3 190686
176 8 246093
Primeape 87
87 15 243614
208 7 23730
91 1 13074
198 10 220601
Omanyte 42
113 3 85973
33 10 28284
213 3 181127
192 7 133592
Machoke 71
172 2 239041
222 5 220057
206 15 6158
8 9 65091
Wigglytuff 48
126 11 68250
161 2 121000
12 1 54700
151 9 240550
Oddish 14
79 11 257850
24 1 143146
151 8 179979
156 15 251674
Omanyte 63
131 8 243050
166 12 134754
28 3 13370
117 4 152149
Pikachu 59
110 13 68799
71 2 203677
219 7 216339
249 10 257477
Victreebel 81
65 3 16712
7 13 155191
245 10 3489
108 15 225524
Chansey 72
81 7 34819
54 2 83788
142 6 199617
11 10 150869
Victreebel 77
120 1 155003
244 5 195016
127 14 166062
15 15 157593
Golbat 15
215 15 129701
65 2 80420
51 5 234645
85 3 37689
Ditto 58
109 1 261615
190 9 183425
98 4 236349
30 10 73271
Spearow 54
131 5 68883
143 11 28490
31 11 127947
37 11 139213
Exeggcute 24
199 10 115621
250 3 64373
241 4 177926
208 1 107869
Poliwhirl 57
43 5 66395
80 2 61239
156 3 148036
9 3 57188
Caterpie 71
7 5 85492
191 1 84318
165 11 241414
33 5 204418
Raichu 74
212 13 184733
188 14 201573
178 4 56246
215 6 156073
Kabuto 78
228 9 38496
179 8 26241
169 8 56594
28 10 114744
Seadra 83
56 13 259981
170 7 30827
234 9 98813
169 2 82312
Kabutops 32
240 13 217038
241 3 123901
167 1 42637
126 13 6429
Tentacruel 62
47 11 189810
66 5 201618
210 12 87352
174 5 218314
Aerodactyl 12
245 8 203456
131 13 115135
28 13 66132
86 13 115846
Kangaskhan 29
234 6 106199
50 15 52143
253 14 113825
31 8 52696
Slowpoke 29
199 1 240167
107 5 198654
100 14 88643
144 11 51485
Nidoqueen 99
27 4 64380
39 14 125055
53 1 148632
224 14 153812
Raticate 46
127 1 207467
60 3 26844
28 9 159655
195 1 100114
Poliwrath 55
184 10 256811
254 12 71189
111 15 20659
116 4 139172
Tangela 50
85 7 219086
221 7 208759
140 11 208149
109 13 200946
Shellder 88
198 4 253211
70 1 65774
91 9 60918
64 4 130894
Electrode 87
171 15 130789
114 10 69052
94 3 126548
246 12 245652
Raichu 100
27 7 44542
197 8 48480
140 3 202571
135 5 83347
Charmander 33
254 10 40805
81 11 227568
46 6 21062
69 1 70499
Fearow 37
200 3 76446
220 5 123125
182 15 134629
144 3 166095
Jolteon 88
88 1 89831
229 2 42149
170 5 97377
236 3 105317
Growlithe 98
170 5 163513
70 15 104094
112 10 222800
118 4 198909
Pidgeot 5
146 9 219517
111 9 66145
197 2 39794
214 6 116726
Machamp 14
221 5 117014
86 14 156916
217 3 170875
5 5 48735
Ditto 10
252 6 66815
212 9 121818
47 15 212241
89 11 224681
Charmeleon 37
133 7 89934
128 4 23949
120 8 81502
223 5 96632
Moltres 20
195 14 64604
160 1 157435
35 14 255300
204 1 239748
Pinsir 48
56 10 430
136 1 33149
180 14 127439
152 4 211944
Zapdos 76
138 5 146904
26 7 54519
59 3 255178
32 4 221380
Gengar 8
1 12 121204
6 5 97325
59 13 90996
95 2 178226
Victreebel 53
180 2 256261
160 9 171684
60 1 157617
18 3 89239
Ponyta 60
32 1 72078
231 4 104193
216 5 185218
167 7 7814
Dugtrio 57
20 15 54824
226 2 143005
124 14 222379
167 8 242301
Mankey 90
206 2 178031
88 13 233441
219 9 217019
253 4 65460
Magneton 51
77 13 100106
146 15 191748
183 3 103179
211 6 39843
Kingler 35
188 9 222117
238 3 238980
248 15 230651
209 12 14230
Moltres 91
74 1 227266
233 3 73677
136 14 10651
82 10 57906
Ditto 52
4 10 26557
26 4 223968
82 15 170503
78 14 84106
NidoranH 25
160 15 96257
81 13 260549
220 1 38917
172 12 11768
Eevee 90
133 1 6941
219 8 235298
15 14 172618
63 5 82051
Sandshrew 85
115 13 219155
232 3 180618
212 15 192603
29 12 84681
Omastar 100
120 5 236956
20 2 172057
161 15 194911
35 8 250252
Vileplume 14
228 6 142667
210 8 152098
211 11 95093
36 10 156118
Haunter 33
213 14 209708
41 11 9880
249 11 186868
62 12 140896
Slowbro 82
207 13 186444
156 1 210887
28 5 65431
18 8 237369
Caterpie 27
183 6 177159
232 9 42101
135 12 64583
146 11 187394
Chansey 29
240 4 94947
206 10 228699
179 12 53831
189 11 249933
Tentacruel 88
5 15 156281
201 12 37923
246 10 246082
74 11 129754
Paras 10
11 5 16377
44 7 55131
179 1 72948
68 13 71177
Golduck 12
133 1 3004
150 5 40033
21 12 158518
75 2 169812
Ekans 7
133 4 223489
142 4 159674
105 11 90269
123 1 226153
Vaporeon 69
104 1 19944
184 7 148084
182 4 54600
181 14 123422
Nidoking 46
2 1 165246
211 6 135965
115 5 33967
170 3 148644
Gloom 69
236 14 190996
103 3 103245
218 6 211396
74 9 116763
Dragonair 11
178 1 55981
236 1 239973
240 2 37316
254 1 168956
Alakazam 11
179 4 3806
72 8 150696
74 10 6839
51 13 189718
Rattata 21
160 6 122817
158 7 172164
123 11 35768
233 10 209624
Machamp 31
118 1 137882
65 1 4632
155 8 37356
61 15 45469
Ponyta 73
80 14 95797
211 5 129432
3 7 134091
169 3 62959
Vaporeon 60
213 11 97271
113 14 12998
233 3 63581
30 11 153074
Ninetales 96
255 13 187927
239 10 157904
242 2 155795
206 10 228833
Voltorb 33
81 6 126801
64 15 90623
246 13 6628
112 8 173182
Magneton 66
85 11 45485
196 13 66573
131 15 72598
247 12 81441
Growlithe 64
176 1 20272
203 6 127960
236 8 3607
158 2 126734
Persian 46
29 9 74723
106 3 219759
245 14 100765
236 11 232586
Psyduck 45
190 11 111508
215 7 113930
213 9 241750
138 8 108098
Cloyster 82
101 14 202972
38 12 222375
22 2 69215
168 3 160035
Wigglytuff 93
173 13 142204
13 5 110183
105 14 37935
24 14 199026
Porygon 44
43 1 80218
69 10 152863
112 3 244078
193 1 136999
Beedrill 16
17 12 239406
92 12 28331
107 15 24989
80 13 31221
Onix 26
57 4 198229
158 11 249789
159 14 159974
223 10 63181
Weepinbell 44
150 13 104056
81 6 96167
246 7 109083
37 7 223367
Doduo 16
227 1 74974
147 1 22250
216 1 205034
34 14 177600
Beedrill 11
46 15 26160
162 6 57461
167 1 174907
72 5 65406
Charizard 76
139 13 226839
167 6 130610
150 7 68404
41 15 32196
Cloyster 42
37 15 147246
78 5 73901
22 4 184596
107 5 185986
Victreebel 68
203 3 234762
197 5 128703
219 11 252070
5 4 213024
Clefable 1
143 5 257709
43 5 136003
65 8 95575
157 2 206035
Muk 97
229 9 100121
31 15 253944
112 14 45554
215 1 130602
Ditto 63
130 6 98056
42 11 201580
54 11 78495
7 5 38952
Marowak 48
54 7 164572
9 2 205826
142 11 190601
85 2 133648
Meowth 46
209 6 103803
80 3 259335
6 5 141310
60 8 230294
Exeggutor 94
153 15 234941
253 14 22931
209 7 256426
92 14 184633
Flareon 17
197 10 20122
5 2 64439
54 3 16324
132 1 165822
Hypno 84
106 2 103715
26 4 98670
93 15 150797
15 14 102352
Growlithe 34
122 2 95066
53 8 182323
44 9 259394
224 9 41404
Pikachu 1
86 4 143532
222 1 171427
37 7 110842
27 13 189275
Caterpie 20
147 11 120810
62 9 81686
105 2 119797
119 11 114569
Sandshrew 5
55 11 100235
209 15 160482
206 4 141642
180 10 23421
Golem 37
162 6 14451
40 3 19540
107 3 168011
206 9 228121
Gastly 98
230 12 105237
185 5 181326
103 14 196039
176 1 194423
Pidgeotto 13
200 8 155536
206 7 29358
229 11 59685
117 8 59909
Jolteon 6
31 11 114539
242 9 39032
42 1 86360
43 14 125381
Wigglytuff 42
128 13 239533
204 13 121831
47 5 225457
155 15 61141
Gloom 76
250 6 113529
115 10 113490
8 13 206233
61 14 116072
Diglett 7
77 14 133674
30 12 16964
111 7 125437
105 8 163350
Lickitung 53
161 15 109184
37 6 195085
48 10 258315
180 9 112067
Rattata 25
19 8 66159
47 1 113293
74 5 235836
135 1 21293
Machoke 57
48 5 223360
247 6 65330
171 7 160299
226 4 89051
Articuno 85
70 2 110563
171 10 55863
125 12 104687
137 6 240844
Blastoise 8
90 6 154584
23 10 75335
104 6 259201
106 11 215911
Golbat 64
154 1 169550
113 11 131168
224 11 198520
204 14 261571
Hypno 13
169 5 256103
98 13 215840
168 4 85407
185 6 253439
Lickitung 41
102 14 217790
128 1 28595
8 4 193476
19 2 117341
Electrode 70
21 9 76884
166 3 204941
85 4 41208
79 4 66397
Parasect 72
13 10 158890
93 13 236409
240 4 75909
2 11 183204
Lickitung 38
136 11 254547
196 10 213378
12 12 43
110 12 260831
Charizard 17
112 2 26894
211 13 204644
194 8 196818
167 3 5642
Poliwrath 63
76 15 251949
11 13 184190
112 4 137758
142 3 178164
Venonat 64
137 2 260233
90 2 2164
79 2 148539
186 4 81311
Squirtle 11
14 15 135059
138 6 44621
1 9 236433
228 9 46716
Tentacruel 37
61 5 125983
55 14 90576
253 11 171753
91 9 84602
Cubone 98
111 9 93245
163 9 193220
155 7 181618
201 9 151767
Dragonair 55
18 2 68793
209 12 60674
189 8 122407
89 12 89466
Poliwag 34
152 3 261757
76 10 190180
139 5 26333
108 11 196128
Gyarados 92
142 7 112746
95 13 83229
208 5 215256
198 10 245489
Kangaskhan 32
3 1 125137
46 1 67520
175 15 99821
51 7 182034
Victreebel 70
91 10 255873
227 12 42350
178 7 117390
165 10 80973
Weepinbell 10
109 7 148355
210 9 92379
7 14 185120
17 4 152349
Staryu 68
55 10 12309
41 1 68942
25 4 228121
3 8 46588
Clefable 79
181 10 10808
68 5 142199
90 14 154354
214 2 136344
Doduo 37
70 4 251739
95 4 7744
115 15 90239
95 4 195880
Kabuto 36
29 8 31110
77 13 18828
216 8 202844
222 15 195499
Dewgong 64
43 8 132964
7 1 10995
249 13 195158
30 2 35562
Venonat 61
210 6 20840
63 3 261072
97 13 13335
130 3 254096
Venusaur 30
78 4 88390
156 1 197319
141 14 113716
246 14 185648
Golduck 36
74 7 235408
38 15 191289
45 1 103247
65 1 72068
Poliwhirl 16
165 12 75838
116 13 255423
246 13 202750
126 9 15752
Charizard 27
101 13 182278
55 6 44313
45 2 74411
242 14 168861
Grimer 28
237 10 213987
67 3 248152
241 1 22079
183 12 206020
Tentacool 69
66 3 87484
173 4 201501
251 15 95638
50 3 197680
Flareon 9
3 4 23398
76 1 131313
127 2 205380
242 7 126503
Chansey 6
36 14 242889
36 6 173119
94 12 175578
116 9 5696
Starmie 69
6 4 203631
108 5 72296
145 2 227585
15 1 12465
Wigglytuff 11
49 13 15780
53 2 20594
123 6 26869
149 1 80585
Rattata 53
236 14 248461
113 3 104004
167 11 257662
237 4 38213
Psyduck 38
244 14 450
73 3 13346
75 1 120780
93 11 79333
Abra 70
231 11 71079
115 9 51325
196 14 180199
20 15 24655
Exeggcute 71
26 3 60290
71 15 69353
9 7 246765
183 5 113730
Venonat 8
15 6 118338
197 1 208327
72 13 126673
211 11 258106
Mewtwo 92
130 14 220797
126 4 149906
211 2 175910
247 9 169095
Tentacruel 31
181 8 197220
57 5 150613
49 15 44097
92 4 154866
Diglett 54
29 9 69913
28 11 109138
84 1 220639
221 15 105392
Golem 67
255 5 157127
149 1 160834
47 6 187744
200 14 162349
Machoke 34
28 11 127650
106 7 253099
196 14 137056
158 7 241795
Meowth 65
198 7 5365
56 15 211432
227 2 245720
139 14 36213
Cloyster 16
165 7 34770
203 13 56612
87 10 157900
249 15 24241
Jigglypuff 57
48 4 179492
53 9 25396
71 4 216627
194 8 212358
Magikarp 37
52 2 141295
151 10 39183
8 8 198364
21 1 59839
Marowak 91
136 5 231240
60 9 102771
159 3 232469
17 15 242328
Porygon 79
237 9 19556
200 3 121606
243 5 25978
25 8 228375
Flareon 91
50 6 247917
66 12 226838
107 5 77944
75 7 259907
Jolteon 59
90 1 10105
84 4 247248
33 11 17028
55 11 114221
Goldeen 35
105 15 18440
112 9 125888
215 10 211211
44 11 2042
Diglett 26
213 4 144173
230 3 59785
42 14 37836
31 5 41624
Voltorb 26
25 2 135115
24 8 99111
204 6 109503
31 1 187301
Horsea 96
219 14 84162
76 9 128089
11 5 223932
170 9 75846
Aerodactyl 89
82 6 184469
128 2 102090
223 13 174532
86 15 86844
Graveler 30
164 2 157557
145 2 204946
92 13 22407
120 6 148528
Slowbro 8
143 1 243284
219 14 128944
122 13 143823
140 10 257983
Arbok 21
84 6 89899
27 13 5020
204 6 173856
73 3 31678
Nidorino 73
63 8 74783
245 2 83137
142 3 219117
6 15 167325
Rhyhorn 75
150 7 99785
119 4 253080
105 1 252500
73 10 11726
Golbat 27
105 5 32588
213 3 137400
139 11 163491
42 11 245116
Persian 10
115 6 206694
193 7 196019
204 14 13028
76 8 184581
Omastar 32
62 11 23242
151 13 256273
86 11 257773
19 13 54036
Ditto 75
167 7 52174
203 6 261970
59 14 223653
131 15 166012
Clefairy 60
15 1 203640
7 9 83164
241 8 222304
222 1 194975
Hitmonchan 23
194 1 216892
168 6 54257
19 1 97161
234 11 11375
Gastly 34
43 8 174786
39 13 67123
94 14 42033
181 11 197634
Aerodactyl 59
153 8 31298
50 1 66949
100 6 81738
42 13 156075
Shellder 24
144 2 226387
131 12 38289
51 2 221185
35 15 257540
Kingler 11
83 2 233339
67 12 178916
240 1 58518
112 1 211381
Golduck 79
85 6 225190
117 13 62340
235 7 170824
205 2 7256
Raticate 10
40 7 143670
48 3 155328
13 10 201289
222 7 232979
Pidgey 52
227 9 140919
203 6 18853
31 15 191026
61 1 204267
Parasect 28
11 11 117862
21 11 126668
92 5 142803
195 14 9698
Wigglytuff 28
117 15 122562
210 4 90047
70 7 49720
244 11 94025
Weezing 32
79 13 214973
212 7 170164
3 4 153400
96 10 141858
Venomoth 50
10 10 92967
214 6 204619
168 6 143388
2 4 43680
Magikarp 53
108 10 25985
157 1 58261
43 4 93971
182 10 221168
Dodrio 29
61 6 243838
28 7 240765
180 10 99230
90 8 209201
Oddish 78
89 6 367
113 10 146533
25 1 120620
63 14 121892
Poliwrath 47
215 10 235633
22 15 13037
194 1 46510
62 8 45380
Marowak 8
29 1 100769
119 13 205024
250 14 155747
76 14 124736
Psyduck 84
201 15 231760
168 15 103325
172 6 198080
114 4 75015
Magnemite 67
162 13 185539
179 4 130765
150 4 171390
168 9 254669
Wigglytuff 53
43 4 177502
93 2 201803
197 6 87563
198 15 240412
Seadra 54
148 11 115536
155 15 92083
55 6 3473
168 8 159649
Muk 4
102 1 165261
30 4 81300
166 1 138146
252 3 99689
Kabuto 16
156 13 229437
218 7 76896
178 7 40852
148 10 255530
Machamp 84
54 7 136177
21 10 199150
48 6 223864
102 10 182193
Horsea 70
94 3 79406
194 13 132105
144 11 35639
138 10 160984
Articuno 62
50 5 106507
214 8 35554
147 10 133339
46 8 119129
Gyarados 75
237 15 181808
24 1 231751
154 14 223908
1 9 133544
Hitmonchan 28
178 7 254582
40 1 218
254 9 108909
179 15 162770
Charmeleon 21
63 15 194478
23 8 56642
133 15 200384
3 8 178202
Lapras 84
197 3 241477
199 5 52376
252 7 53222
163 8 202400
Arcanine 16
170 15 33589
10 12 254298
243 1 2938
97 11 138437
Raichu 75
142 5 129403
132 13 81307
253 9 115777
12 12 139402
Beedrill 41
132 3 85630
181 2 181437
168 12 240185
225 14 212324
Oddish 9
173 1 108813
38 12 203791
245 11 45925
33 9 109320
Diglett 86
168 15 139573
121 10 233273
60 1 57236
142 11 175660
Spearow 73
33 5 95430
23 1 51787
164 9 92956
166 10 115323
Snorlax 100
33 5 185919
144 12 30736
93 5 106173
148 6 228260
Blastoise 63
99 1 184697
41 7 101538
98 7 44059
191 5 20974
Mew 10
150 3 215532
186 7 119582
13 15 191531
103 6 185042
NidoranH 52
134 11 144839
155 10 136674
101 6 137396
137 14 80616
Weezing 4
77 12 129156
212 1 24181
206 1 245241
23 5 30431
Venonat 56
8 6 13167
19 11 77308
101 11 258374
40 2 161992
Mewtwo 58
152 12 259056
110 4 222350
100 12 186793
217 7 246967
Shellder 26
31 4 220516
102 13 219796
1 12 258267
7 1 73727
Kadabra 66
238 5 27763
164 7 75594
39 12 24615
43 5 254135
Shellder 46
91 2 67336
56 6 50573
5 3 227150
174 8 158616
Machop 57
227 1 56888
219 7 139004
9 3 116108
224 1 91994
Tentacruel 87
23 15 223939
252 6 206118
74 12 19384
172 15 50706
Nidoking 39
172 10 8274
239 4 229473
212 9 74302
170 9 29533
Rhyhorn 6
83 15 239210
223 4 205145
97 15 103794
220 12 2012
Tauros 66
187 11 49158
209 7 159001
41 9 91774
127 8 20857
Kangaskhan 67
147 12 95867
203 7 44290
65 3 27240
168 15 183652
Venomoth 92
76 10 40211
157 11 85942
238 5 121611
37 4 217647
Arbok 64
201 4 195573
166 9 253436
116 11 211512
184 10 28826
Weepinbell 16
42 10 119028
110 1 157598
166 6 242870
111 10 127846
Venonat 43
202 10 181890
143 15 73041
10 6 256094
1 3 29756
Sandslash 50
28 6 53347
150 3 242112
128 11 79129
98 12 79262
Graveler 27
105 2 256576
103 12 116518
215 5 249391
100 13 164208
Venusaur 86
150 11 245101
83 13 169446
64 7 69554
96 6 211972
Diglett 36
42 15 34260
15 7 239225
35 11 101824
67 13 29018
Exeggutor 86
175 7 96038
26 3 109476
79 10 72968
153 1 119172
Golduck 84
70 3 7726
40 5 186228
130 8 235180
212 14 192378
Voltorb 28
234 6 120995
248 4 74735
15 6 23260
22 2 2403
Cloyster 61
141 15 178830
232 14 17716
215 1 147791
80 10 228612
Omanyte 7
138 8 87098
198 7 70044
39 11 35891
55 10 245731
Kakuna 10
45 3 168372
209 12 86989
116 6 199113
89 13 210400
Venonat 48
4 4 252885
116 1 255203
123 9 114560
205 15 82631
Articuno 30
85 12 122703
254 1 206359
150 2 124480
39 4 169497
Caterpie 87
185 11 141404
113 6 62857
8 5 218762
182 8 185240
Staryu 31
70 8 149892
167 3 207379
161 1 208660
232 7 59937
NidoranM 65
166 12 51862
38 9 261391
22 5 50619
246 11 182385
Clefairy 20
137 10 99640
207 11 200161
9 3 35631
140 2 160204
Dodrio 84
98 13 175857
45 2 123896
79 1 194069
199 4 236368
Diglett 74
130 1 123289
80 5 116243
82 8 51750
230 15 156605
Hitmonchan 50
231 1 113273
150 14 186684
243 15 65869
189 11 19984
Ditto 40
162 1 235380
127 14 9530
104 8 29064
239 14 169054
Kakuna 40
144 11 241284
216 6 26016
228 8 158917
118 12 164852
Tentacruel 82
179 15 41979
52 13 111546
229 8 234159
215 8 157078
Gengar 55
210 15 250074
150 3 228390
157 10 106571
24 11 42920
Arbok 95
80 14 194950
34 12 124045
142 9 125862
184 1 261885
Cubone 39
170 12 226337
158 4 149642
255 13 94928
40 6 101955
Marowak 87
18 14 40359
88 12 255204
24 12 123789
119 7 169545
Grimer 63
229 4 85233
122 4 149808
143 5 134607
131 1 239361
Clefable 64
78 14 55716
195 10 254612
239 12 33999
6 12 112568
Nidorino 56
154 3 15665
222 14 62317
33 1 220987
117 11 180233
Pidgeot 97
31 4 181367
216 4 132187
123 4 163576
71 11 62132
Dewgong 27
83 2 161965
247 11 232983
209 11 98518
17 1 99841
Omastar 35
34 4 140651
29 4 71733
155 2 96558
142 4 136821
Golbat 100
219 1 97976
145 12 24563
197 12 57500
119 14 238459
Pidgey 96
30 13 114399
23 10 1166
89 7 244181
224 4 202854
Nidoqueen 39
62 14 126001
164 3 72987
248 4 233141
159 10 71158
Nidorino 95
219 3 80562
21 3 169558
205 9 33357
123 13 137244
Blastoise 54
54 11 248762
247 4 107538
22 1 188180
100 7 217926
Gastly 63
132 9 258593
166 10 217540
231 1 25245
244 13 260653
Butterfree 54
164 10 173368
60 3 201445
61 14 197997
28 1 186983
Lapras 35
160 14 154487
189 3 87225
208 12 5345
202 6 122278
NidoranM 59
50 7 41008
238 2 79977
5 10 112734
151 6 34697
Tangela 95
181 6 207554
62 5 214766
73 4 212272
252 14 102408
Slowbro 98
2 1 203671
240 2 5716
229 15 236097
152 15 206608
Ninetales 17
26 1 65124
84 11 11864
22 11 73798
118 12 169992
Doduo 7
142 8 94490
27 7 209113
162 6 246009
18 5 237875
Jynx 92
163 11 144874
146 5 45155
202 9 239191
173 3 143121
Arbok 42
69 11 15967
57 15 248704
84 5 181226
2 12 172403
Mr.Mime 45
223 10 176611
84 3 37771
152 1 71315
23 7 93962
Onix 66
129 14 85977
220 9 244165
106 8 198182
208 10 131356
Paras 12
243 15 165594
254 6 165367
151 10 243145
196 5 128399
Magmar 42
104 4 221072
253 8 92406
89 4 110505
207 15 90883
Persian 99
246 4 24785
5 12 41242
64 12 207414
244 7 61765
Kangaskhan 23
130 12 232765
23 9 108087
224 5 34163
130 7 240575
Persian 97
245 3 195587
160 9 41691
121 9 3053
112 15 54032
Growlithe 14
216 6 98521
68 9 203052
35 1 218639
146 15 170506
Nidorino 21
158 4 245649
209 9 13251
200 15 5458
37 14 235704
Krabby 11
214 14 122609
121 2 118843
15 15 159547
28 15 72873
Porygon 78
197 7 95241
212 15 162625
1 14 4057
105 12 68826
Jynx 18
183 12 252061
220 14 117171
4 12 128928
196 8 102558
Dugtrio 6
162 7 257023
186 6 184183
252 14 8058
4 15 24857
Gloom 38
75 7 24832
177 5 181608
3 9 78851
215 5 20318
Drowzee 93
145 3 101905
78 6 87266
77 15 43886
132 5 140988
Metapod 25
222 13 32899
150 4 130126
246 8 90383
177 10 225395
Kabutops 83
112 6 49894
4 10 72575
222 7 79107
187 3 252181
Dewgong 43
131 1 47845
186 15 1084
246 14 215734
51 3 105983
Arcanine 7
173 6 158399
204 8 123931
164 3 220086
199 14 133202
