100
19
18 70 69 26 -58 -92 43 77 25 74 -41 -92 82 96 57 88 69 -84 34 
18 76 44 -48 17 78 -13 52 36 81 8 -50 -24 67 -48 -89 -68 42 -67 
26
89 -16 -14 73 42 -2 22 20 66 51 11 -33 14 98 95 67 17 66 -51 57 18 70 -87 -76 -26 22 
-66 97 -60 -82 -88 36 17 -98 -42 -33 74 -59 80 -87 -4 47 -87 -68 -74 44 -46 -66 -51 -63 8 44 
10
-68 22 -79 -6 20 -24 70 -66 16 -51 
92 -36 -48 -8 -55 -46 -6 -21 -19 -62 
15
77 93 -60 97 78 34 93 -78 -40 76 72 60 82 15 -21 
-56 43 -15 55 -93 22 -58 -87 75 -76 24 -43 44 -72 -48 
27
96 -84 -33 -10 -83 85 -1 93 85 25 25 -53 -9 78 50 24 21 -8 35 -18 -46 79 5 -19 16 74 61 
31 -18 -48 80 -13 -2 5 13 -15 61 -93 66 -16 -82 43 11 4 22 7 -74 -61 -83 57 -90 37 69 -71 
49
-1 -24 27 99 64 81 10 23 74 23 -37 -47 69 -89 -4 12 12 -61 -50 94 -70 -19 -49 -9 67 32 -11 49 81 -8 -83 96 -88 44 37 88 69 69 -3 13 28 -79 1 -64 3 -85 41 76 45 
-46 -29 -35 -19 37 -85 24 41 -89 -50 -49 -51 0 -70 -60 -2 -90 -48 -51 -89 69 -15 -25 -80 26 78 -39 97 -62 -23 -67 69 28 -86 51 -58 -41 30 -37 -23 85 83 -96 82 18 -25 86 72 -54 
41
-59 -60 -91 50 -52 73 41 -22 66 69 41 2 -80 72 44 -57 -66 0 -47 66 -80 38 38 85 35 84 -44 9 55 77 3 43 -45 39 88 -56 16 -86 -48 44 -38 
90 -64 -39 -43 -98 -16 -55 -77 -41 -12 -19 -65 92 34 -71 65 48 0 -12 -8 -46 -35 -23 -48 51 15 99 75 -56 22 -77 69 2 -14 -33 88 -91 18 -83 -20 56 
30
17 -98 28 -64 72 -64 87 32 -7 17 -75 56 60 36 -89 29 42 24 -41 -35 0 80 -24 10 26 -37 -19 85 -92 78 
94 18 -72 75 -99 -72 60 99 -67 -3 -13 90 63 -67 -71 96 -42 -55 -32 -24 -22 -10 -92 -45 -66 -5 -67 56 -36 65 
24
83 64 67 93 65 54 8 -84 -54 97 78 59 -64 -31 9 -77 -34 32 8 -44 -89 -45 1 -67 
62 -62 38 -30 38 47 76 -97 71 -32 53 91 96 40 -31 -5 -13 6 74 28 -34 90 71 13 
3
-67 -22 74 
1 -6 -59 
43
42 88 -38 17 89 88 65 64 22 -29 73 97 -2 89 4 75 21 5 -24 87 57 30 47 -91 77 39 91 -87 9 5 10 -77 -51 40 -79 -96 -9 66 -36 17 71 -66 -98 
-68 -58 28 10 -13 -11 -80 -2 -74 -15 86 44 16 -50 -41 -36 -11 -29 98 -85 -39 -72 -96 22 -23 14 -91 98 -86 46 2 -43 -70 -47 20 70 75 -44 -46 79 99 18 -55 
1
25 
-48 
21
4 35 -75 -97 29 -2 -47 51 -95 -22 9 -48 2 -76 -61 51 -63 26 44 69 91 
92 -59 -30 -70 37 43 -81 15 66 0 -38 -12 64 -28 26 -13 -17 -93 54 35 1 
46
-7 -40 14 -69 60 71 48 67 67 44 81 52 -74 3 29 36 -45 31 4 76 75 38 61 69 -90 96 93 55 57 -35 49 -37 -19 -26 38 -59 4 -91 42 8 73 47 -72 35 -26 59 
-24 -5 -49 -43 -15 18 -98 80 -22 -76 -45 0 -44 -72 -28 58 -58 -32 82 -25 -50 34 -39 -37 -21 -93 -39 98 -26 78 74 -28 -80 -97 -58 -87 -35 -79 10 -36 -22 -25 72 -98 -11 -13 
33
-48 6 -10 91 71 72 -79 94 89 49 19 -10 69 0 44 -30 98 27 99 69 -64 25 -46 10 87 46 84 46 60 -14 85 91 32 
-68 -92 -21 -56 15 0 75 -84 -24 -39 -28 71 -3 -4 -5 28 -15 14 14 -34 -52 -98 -98 8 57 35 -52 78 -66 -99 -48 10 -14 
6
77 68 32 -49 14 66 
79 -22 -58 -89 83 72 
18
88 47 23 77 26 11 -7 96 27 46 -33 77 5 50 -49 -39 85 76 
-84 3 -29 -87 85 -32 -7 -71 89 -85 -61 67 84 23 9 -52 -30 -58 
3
15 80 -8 
99 48 -10 
13
14 71 91 37 -25 -88 -19 1 86 63 -66 -25 73 
4 37 -83 -37 -34 -26 -61 82 83 9 -3 -95 53 
38
30 42 -58 14 26 -4 81 -11 -76 0 -89 32 2 86 -47 39 74 -18 12 -36 -7 -77 -86 80 70 -96 80 -99 -10 28 11 -9 -29 45 -65 98 56 78 
99 -37 -95 -43 68 23 -59 90 92 -66 16 83 -14 87 -88 -7 0 63 -8 -41 -85 73 -6 -57 -76 -98 84 -31 -46 -86 7 -69 -1 -9 -11 94 96 -37 
24
-92 35 -33 -67 81 4 -80 -6 -39 -78 -11 14 88 67 1 60 33 44 19 -48 -31 98 94 18 
-43 -61 -60 -66 -9 -63 -31 40 21 70 -93 14 79 -36 -9 35 63 -66 -88 -92 50 -58 -49 79 
45
75 53 71 -80 -38 86 -76 -58 55 -31 -13 0 87 22 21 57 34 -62 94 -92 -52 -94 10 -73 32 -2 44 84 82 40 11 76 66 7 -97 -67 88 -91 99 64 -37 -77 78 -62 -8 
-82 75 -56 -88 54 70 -54 -58 59 75 87 -56 38 -85 58 -7 -13 32 -55 90 64 -18 -54 -41 -15 -23 -59 -68 95 11 -56 54 -73 72 -2 -74 69 -92 48 -25 92 -30 -82 -85 72 
11
-31 34 -67 45 -1 83 -27 90 40 49 97 
-42 -56 73 69 64 6 -93 74 -4 2 48 
10
42 -89 -76 30 -86 -17 -34 -34 60 -76 
86 -17 -28 -18 19 -95 32 -63 -69 0 
26
-23 -43 1 29 -71 -80 -14 17 -95 46 60 -41 93 -58 64 -60 27 -73 40 -72 9 -34 -99 15 66 -12 
36 -25 -54 33 4 -62 40 13 -85 -27 -77 16 -5 -19 -30 -27 -66 9 -31 -4 83 -24 -80 -32 46 84 
3
-95 -47 98 
55 -96 -77 
7
-75 76 -77 -94 41 57 95 
-52 -33 -82 86 56 -72 8 
35
93 -3 -74 87 -83 -15 47 87 50 66 -92 91 67 -6 52 24 60 -99 56 97 60 33 -45 53 -34 54 -30 -99 80 -64 -45 -75 -76 -25 31 
28 -33 -78 88 90 81 64 49 87 87 2 -84 -15 94 -60 -39 64 -21 -33 52 92 63 -12 -19 52 -94 89 92 -46 43 68 -31 -51 1 -42 
46
23 -35 -47 96 -73 24 -71 64 -68 77 1 82 26 70 12 43 -16 94 -81 56 48 -17 25 -10 32 -68 -74 63 87 8 58 60 -88 24 -39 8 10 72 18 52 3 36 -4 -35 -94 80 
22 34 -13 -31 -93 -6 81 0 -20 89 14 -25 -54 29 -28 -21 35 -52 -41 -39 23 -79 19 -85 67 55 -15 -54 -78 -67 -74 -71 -8 -33 -32 -49 -37 -13 14 2 -34 -66 16 79 45 -57 
32
-34 -70 -97 88 -14 -60 -34 89 20 67 -23 40 2 -41 2 -91 -40 39 46 77 54 -73 -40 -80 87 64 -93 44 -23 94 65 49 
-94 88 -85 -94 -86 -91 -76 -52 -60 -99 9 -89 -41 63 64 53 -37 -86 -69 -98 2 77 25 -79 41 -21 -72 -32 -36 -89 26 -45 
49
-85 -53 19 57 26 5 70 36 -73 55 4 26 -90 55 24 92 66 56 -97 -12 -70 91 93 -80 -81 93 85 -50 37 4 4 -77 -11 -59 29 85 -4 88 -51 83 -16 -60 61 81 -37 47 25 -98 67 
-98 -59 -60 -53 -49 -33 32 6 -7 32 -17 -44 74 77 37 -57 17 -87 67 98 -91 16 -83 -54 71 -13 65 42 -42 -84 38 28 72 -44 63 -81 54 -4 5 -99 86 31 37 67 48 49 60 -36 66 
28
-72 46 49 56 33 77 -88 -98 84 35 90 -29 -68 70 99 -86 -73 31 -47 32 43 -33 -83 -16 61 -39 -57 40 
-52 -32 -62 -14 -17 67 -17 -93 -94 40 42 50 16 -4 -50 -36 -81 15 74 12 -97 4 79 65 -44 -91 49 -35 
42
8 -93 25 -33 -1 -87 74 3 -53 -19 -98 -53 55 -1 7 -63 -77 98 -10 -82 64 12 -92 91 -52 -18 33 83 8 67 -24 42 -71 51 28 77 74 81 -2 -14 40 -25 
86 -75 -98 -18 -6 94 66 26 -63 -41 93 35 -97 -67 -57 -92 -51 -69 -50 -31 -76 60 18 -37 -43 -93 26 -60 -65 -48 -58 -60 -37 8 -93 52 -50 80 -90 -90 36 -24 
44
38 76 58 49 69 -75 36 -24 86 -55 -58 -18 21 66 3 66 85 99 -72 15 16 61 78 26 44 60 -73 99 28 15 -85 19 28 8 31 88 19 52 31 83 60 -25 -45 54 
-70 98 10 -64 87 -75 41 -12 -98 98 -21 -16 -68 -1 -13 -36 -22 5 -40 -57 31 -99 -43 -75 -26 -47 96 46 -44 -8 -46 0 58 -63 -5 -19 -65 -89 8 40 -30 26 17 33 
25
-92 -46 66 31 56 -44 -51 12 17 9 68 -49 -38 75 72 -81 -83 40 47 -1 93 -24 51 69 -19 
-33 -34 -72 -9 -73 58 -60 96 35 68 -29 47 28 -90 12 -60 -67 57 -1 -26 -8 84 22 -84 5 
12
83 -19 39 -24 19 55 57 95 -14 63 10 4 
-44 14 -37 93 72 82 -9 79 -72 50 -20 53 
40
62 46 61 23 51 -5 40 -4 2 -81 87 -76 86 64 -85 0 71 96 70 36 -50 77 3 92 11 -47 0 5 27 18 -17 -54 -81 82 1 -42 56 12 -49 -68 
-38 -46 56 6 -29 17 -38 -54 56 -61 -49 -96 34 24 39 -29 -13 46 -18 -27 9 5 29 -33 17 -20 -37 -22 -42 -81 85 -74 -1 37 -92 -33 -79 -47 71 57 
27
21 -70 -99 4 39 -23 51 -73 -30 2 -89 87 -62 -4 9 1 12 -2 0 -9 -91 52 37 68 25 74 -16 
-71 -56 47 -8 -2 -77 67 -41 41 0 -45 -50 -10 27 -55 -54 -76 -78 -55 42 50 -82 31 77 -56 -61 55 
7
90 68 -18 30 13 21 -31 
-83 -8 -49 -91 40 -73 -60 
24
74 43 94 -70 -43 69 9 65 95 -83 9 -44 65 84 65 -82 99 81 79 -80 27 -43 19 -10 
92 16 -93 -38 -10 -33 -31 50 -21 -42 -56 -27 44 -19 -84 -38 -64 44 59 56 -1 -58 -23 -10 
33
53 -88 21 -86 -87 16 33 -91 18 72 51 -95 -66 50 12 31 -87 -16 76 -21 86 -48 24 -23 0 12 83 -60 74 33 -54 81 59 
82 61 -99 -22 -72 32 -16 -39 -52 -99 -31 18 -42 62 70 63 -33 62 -13 -82 -53 -58 -96 0 -86 97 98 32 -66 31 -64 -21 -9 
20
-35 0 23 16 23 -82 71 77 -79 -75 86 12 71 -81 -14 77 -3 -89 65 1 
-90 -39 24 37 94 -67 60 -8 -29 -92 90 61 87 53 42 -23 -64 23 -12 -13 
27
95 97 -85 33 29 79 52 -92 30 77 66 38 -94 -72 11 -37 72 -13 9 79 93 -26 99 54 71 89 -38 
95 -11 -53 -2 -13 -7 -46 -39 50 -70 90 -1 3 66 4 -45 -8 -30 -90 98 81 89 20 -16 -62 10 67 
13
64 80 11 69 35 76 59 21 -16 39 3 -27 65 
-81 -30 35 -13 86 68 -8 -15 99 -69 85 32 98 
3
74 15 67 
-48 65 -7 
9
9 81 32 -13 -63 62 84 92 -53 
99 48 83 -57 -71 -11 99 58 86 
29
89 -34 95 2 -98 6 -80 -86 -37 -68 -30 22 -86 13 17 -28 38 54 -43 5 -43 13 -47 44 -96 -84 -72 21 31 
-40 22 -24 -81 44 -28 -31 -16 89 17 44 82 -90 28 -27 84 -82 37 -14 -4 -21 -85 -93 32 -68 -5 64 -63 15 
22
-52 -32 52 40 77 -44 -28 54 92 -64 7 -46 -19 -88 16 -33 -83 59 -26 69 -93 -62 
97 -83 -88 -80 -47 -82 73 -22 9 -33 -37 49 61 -76 60 69 58 44 25 74 -95 -74 
14
36 -3 78 30 87 -88 90 34 -38 -73 -23 -35 69 33 
95 -91 -43 -44 30 -21 82 -50 -52 36 -62 15 60 65 
7
9 19 94 -98 39 -83 90 
48 -92 -38 38 94 83 -62 
6
57 83 73 48 10 -60 
20 44 -10 -5 42 -11 
49
59 23 49 87 -16 34 73 -52 12 23 64 -1 10 -73 54 49 78 -94 68 60 21 8 -7 -73 10 58 -7 -53 62 35 -55 -6 2 19 -86 -24 -7 87 -1 -76 8 26 69 38 20 63 8 43 -99 
-91 56 1 65 -51 75 -83 -31 -16 61 17 34 70 -39 11 -53 77 64 0 57 2 -76 -2 -26 -9 -63 -9 33 -55 34 -58 -83 57 -4 -58 -39 -2 55 -65 95 23 10 36 -63 60 -36 96 87 -82 
31
95 -26 -15 57 77 -47 52 5 -90 -98 48 39 24 13 -85 15 -74 95 -17 -13 44 93 -8 15 53 64 75 -4 4 -55 0 
-61 -91 -15 -8 63 -51 36 -29 -4 1 68 -90 -93 98 -65 -6 -99 -31 60 57 -53 27 -64 -86 16 10 55 -44 84 -81 -85 
47
62 32 42 -52 -55 -82 10 -73 60 78 -81 -85 -71 54 -52 -12 74 3 3 85 -68 17 69 65 87 -46 -42 78 45 55 8 -52 76 2 -21 97 40 82 -4 -72 -13 87 88 21 -99 91 54 
80 12 -67 -34 88 24 77 81 -52 -88 -1 -20 39 -56 3 -38 11 76 -40 -77 -25 33 -58 -21 46 51 -49 26 58 -91 -47 6 83 -5 -86 -69 17 32 -69 -97 61 -36 92 -88 -98 38 40 
4
-78 27 64 39 
84 98 -81 -96 
25
81 -89 51 1 84 15 32 38 11 -84 26 22 68 -42 -45 -32 -1 -19 -91 -25 -90 82 92 -79 43 
-19 -55 0 14 17 -55 -83 82 -68 39 -65 0 18 31 -96 88 34 -56 -13 19 -66 20 -18 -38 -12 
12
-53 41 -55 -7 61 -62 -79 -10 10 0 62 6 
-86 -24 -14 -78 -67 -29 -15 -73 -87 -2 -14 25 
17
96 -8 -3 52 -39 66 -8 -11 -45 45 63 -14 -22 24 59 -81 56 
-78 -79 30 -49 -30 1 31 -87 -31 2 -17 2 -31 38 -70 85 10 
45
31 -17 20 52 67 -31 -66 51 -87 95 51 -75 -39 -59 73 -34 -50 56 47 48 -34 -77 14 -98 -96 -4 13 -88 13 -85 0 -33 -97 -59 -22 -80 -49 -62 0 -9 70 64 -62 -83 -99 
-31 -32 -44 78 -7 -77 -69 67 -60 -56 -35 -66 31 31 -61 -15 -87 31 12 -66 -70 -72 -7 -73 -83 86 45 -21 -62 13 -46 -97 -26 39 -81 -85 -94 -11 19 -19 -27 38 39 45 -20 
15
29 18 52 34 64 0 -85 -9 21 12 74 -86 61 6 12 
-54 78 78 -34 13 -71 -81 87 -50 -38 -19 -86 -65 -8 -71 
33
-28 66 2 69 -16 66 99 -24 -13 -50 72 58 27 24 42 -67 36 99 92 15 -76 -25 49 -71 21 85 -93 7 78 9 24 13 -54 
-57 -72 -91 73 57 -34 -47 -65 -21 -57 -89 33 73 18 -95 -83 43 64 -13 76 -30 9 11 21 -39 -2 83 36 22 -24 -76 -37 -6 
25
78 -85 -20 1 58 20 -76 -34 44 -38 15 97 -85 6 -19 64 4 -9 1 4 58 52 32 -81 -23 
-30 37 58 30 -45 -38 15 -17 -1 -87 0 80 -5 -10 78 34 50 69 -40 -13 -65 -95 1 -85 54 
39
32 59 37 48 28 96 5 52 28 -95 33 77 13 4 58 57 82 97 -56 10 73 -70 -89 30 -16 89 21 -85 64 -60 -84 -6 98 -16 2 70 11 32 76 
-20 18 -27 99 61 -48 10 -80 -27 13 -68 -54 21 -53 14 -30 64 -13 -46 -9 94 4 73 -57 -25 35 12 -26 -41 -33 -80 61 81 -92 3 -28 62 4 43 
7
29 -24 75 -30 -39 99 66 
-15 27 -15 -19 -75 83 -70 
28
40 25 -37 78 -93 30 85 74 47 93 19 72 -68 23 85 -21 86 69 33 63 -61 -11 38 0 15 -65 -30 97 
77 88 -90 -72 -2 29 4 61 -74 -47 -62 -89 1 -6 -52 -62 38 -6 -97 55 -34 31 -21 -83 67 -97 -40 -67 
37
-86 -44 -17 -45 -52 94 32 35 -65 -70 88 81 11 64 67 7 2 48 -16 -66 -30 59 -82 -61 98 -33 -19 67 -28 15 62 18 36 13 99 -36 31 
-96 74 93 76 41 -15 -56 -12 75 -52 -46 51 81 -86 8 61 -53 -20 -83 -27 -16 53 16 42 -65 -14 -56 67 -67 68 16 -75 35 43 -14 49 -81 
21
22 -8 -48 4 35 74 22 -22 -30 64 -76 28 -77 -43 60 -52 86 1 11 1 -11 
50 -11 60 94 -46 38 -72 22 -98 -89 -83 65 -74 -75 51 -32 -5 12 -65 -62 -42 
15
45 -68 -82 -47 6 79 -51 -60 28 -58 -98 87 27 13 31 
-98 -50 -55 -8 -49 -19 69 37 -3 -52 -41 85 53 -31 -43 
28
82 35 -56 -64 49 60 -29 35 -35 38 94 58 -84 52 29 -86 -99 99 46 18 45 87 -28 79 58 -29 -50 -17 
51 -21 0 38 91 -86 -67 -72 94 -45 -70 -21 -43 6 -44 -30 -44 -24 -3 -11 67 -52 50 -74 37 76 -2 69 
47
3 -47 16 -80 -47 7 97 64 19 67 -20 -37 -24 7 -33 84 84 84 -63 6 -34 61 95 59 -6 52 49 -2 55 -74 44 78 -4 -81 38 99 35 -10 69 -92 -40 -62 -38 32 9 10 17 
-68 -32 -87 -75 -14 22 23 -34 -70 -2 -5 -23 -90 7 0 -80 9 97 -61 -17 1 73 -97 -62 -27 -53 84 19 94 -47 -49 38 -47 -30 -51 -67 -36 20 -44 34 -59 -87 -94 -80 -69 -61 -77 
27
13 59 -93 88 91 34 -72 -5 -97 26 -63 -69 29 -34 -78 66 77 68 7 46 -31 71 9 62 47 34 -26 
-59 47 -81 -82 94 -25 -7 -83 3 -90 -1 -32 -38 67 -85 8 28 -30 -48 97 -59 -49 69 -65 -67 68 39 
33
27 31 75 -66 52 58 6 -45 53 -59 88 44 -6 41 65 -52 18 48 -37 -72 16 11 -55 26 -83 -34 -33 -93 -85 8 32 -82 -54 
-74 92 72 15 -89 -8 96 -82 -62 -2 28 52 54 -11 -2 74 73 4 -98 -76 9 -4 37 -70 -70 57 89 -76 -34 -4 97 28 28 
17
-33 58 20 35 40 40 25 -39 -17 -90 29 67 40 26 45 -24 5 
-25 -35 -81 95 -25 -34 -75 -7 -81 -46 51 37 0 -57 -84 70 10 
23
-25 -49 30 -2 63 -99 48 -75 66 58 90 25 33 85 -77 -26 -56 50 -88 -81 53 -95 -82 
-15 59 50 96 -6 -9 -79 -47 51 50 -64 -96 -77 61 -58 -73 -39 -71 -48 -51 -80 -10 22 
29
-41 -69 -67 -27 -26 61 32 61 28 -58 17 75 8 84 27 -41 -47 12 24 7 55 38 -91 88 -82 -99 55 57 77 
95 86 -82 -22 -53 43 -61 -42 20 -65 75 -65 -94 -93 -59 86 -21 95 -36 51 -18 -29 98 -77 0 -40 -9 -67 21 
45
-88 42 55 26 82 -83 62 5 79 -77 0 -51 88 -80 92 84 48 -29 -16 -42 21 32 -34 -73 0 -50 -48 -56 72 67 -24 68 80 57 -63 10 -66 72 -96 35 1 -37 30 57 28 
-96 72 37 -70 -64 -19 -66 84 -85 -79 -95 -65 -70 60 -81 -27 -5 -61 -51 -14 22 -19 98 20 89 -30 -69 23 -59 30 -4 -62 -73 0 -34 4 -32 -48 -47 89 54 62 -93 52 -2 
8
65 95 69 -68 11 2 -60 71 
-41 66 -6 55 30 -31 -4 27 
30
-3 42 35 69 -59 -17 -17 -66 12 29 56 -54 51 -92 -12 56 -22 -16 61 -83 64 88 -72 49 32 -26 40 86 69 -93 
-55 91 80 -13 -74 -51 -29 42 -6 98 -58 -61 -59 -99 -93 5 0 -82 0 60 -1 -54 86 63 9 -69 -84 -9 -44 -38 
35
5 57 -88 0 -25 62 48 12 -84 29 -48 -22 26 81 -4 75 -32 72 -22 67 -35 -97 97 96 99 -75 60 80 -7 32 42 -89 18 82 23 
83 76 -76 -58 -56 92 -45 23 -20 39 88 -20 -83 -6 67 -9 9 19 0 -91 -58 -31 87 -42 45 -22 -91 -67 -72 66 -61 -33 -11 67 -82 
36
-70 78 54 46 12 -76 -56 81 92 60 81 8 16 80 85 38 51 54 3 -39 31 -47 63 -77 -87 3 65 -12 26 -5 -80 92 -82 -56 -17 -2 
-33 -5 -18 -58 41 70 -11 -42 -67 -17 -34 -38 67 8 -84 90 63 -35 -74 19 -66 -75 -99 -47 -69 62 -46 28 -50 -51 -85 83 -58 9 -38 -83 
46
75 99 -7 -67 -73 60 44 -18 -67 -64 92 34 87 0 -56 42 15 29 72 -74 -71 -19 -9 27 8 63 -83 50 -73 -22 12 98 67 -38 7 43 -98 33 -67 -25 -31 85 -15 -87 67 18 
-7 -28 8 -93 -97 -59 83 -57 36 -59 -59 -85 37 -58 -44 -41 -46 -97 63 31 81 36 -67 20 -48 21 4 -48 -38 24 -60 -60 -63 -9 46 -30 -82 -9 1 62 36 -99 27 70 -85 4 
30
11 67 -93 86 -40 -40 41 91 81 44 -69 91 -74 95 47 -91 97 93 25 24 94 60 85 -66 22 -21 -1 82 -4 -3 
-25 -57 -25 0 -24 -14 -7 40 -40 -23 45 -55 -44 53 -87 -29 -6 -30 -96 -84 -5 81 -31 -21 -52 6 22 43 -95 -85 
29
40 -37 -21 -18 53 59 -20 63 -81 23 -85 49 -23 94 -9 -11 17 57 -66 -55 33 -60 -76 54 -66 15 71 32 17 
48 84 19 -65 -31 -77 -30 -83 -27 50 -28 -43 19 -24 -22 19 30 81 -49 -76 -32 -96 35 8 -6 18 -18 70 -15 
8
96 63 -74 13 39 87 7 -33 
-52 -54 59 30 86 -91 92 61 
9
79 -35 -13 44 64 76 -47 -53 -55 
-45 -71 -5 -82 63 -33 -11 49 -71 
14
-85 60 16 -37 82 -34 73 -86 -82 70 -84 -11 27 -30 
-89 -30 -25 59 23 -28 -9 -40 28 -6 60 56 5 -91 
36
99 68 11 -96 77 -41 26 20 90 -45 -51 -20 3 16 17 -91 69 70 87 43 44 -70 -99 66 5 44 61 97 -10 19 56 -58 -95 38 46 -62 
-85 83 81 -3 -64 -24 -59 83 42 -57 99 -31 1 -8 -12 -19 -22 15 81 90 4 14 94 -44 48 -92 -87 51 -63 79 94 -78 0 98 98 -63 
32
3 64 24 40 -22 -62 42 70 -42 4 -46 -81 18 50 -79 -72 67 -43 -20 51 28 66 60 -31 -30 42 -52 -61 -8 74 -90 -5 
43 -47 -94 1 96 34 -9 -58 -73 -85 41 88 -53 -94 -93 -63 -42 -65 -61 -50 -48 -24 -19 72 98 54 -97 -86 23 -44 -23 -86 
38
30 44 28 29 62 41 -25 92 -55 38 -15 99 64 -13 34 91 -62 8 4 95 -98 47 -10 26 69 60 59 -39 98 30 37 30 -50 -3 6 68 58 21 
-16 4 18 66 -26 -77 84 -26 40 -26 70 -29 -24 80 -37 -95 -55 81 34 -8 -5 -48 -1 -10 -75 12 70 56 -24 -65 22 -6 -71 3 -70 -17 44 -60 
5
98 40 -40 40 -53 
-78 -35 -93 -87 71 
9
-62 51 81 75 -99 63 -52 73 56 
-66 -87 -48 1 -10 80 -54 69 48 
37
87 53 73 -34 49 69 17 -58 -80 83 -63 -85 23 56 65 59 20 95 -58 76 -40 -93 36 65 65 57 86 -92 24 60 -86 7 -5 7 -94 88 6 
-36 -27 48 -94 70 -83 -6 84 -97 51 -43 -60 -51 -36 -87 95 -15 -66 14 -47 64 -78 29 -33 28 96 99 -20 42 -33 31 -66 -6 1 -17 9 78 
29
-10 19 -34 2 11 -25 -98 11 61 -68 0 4 76 82 69 46 30 76 -74 -63 32 2 79 56 71 70 89 46 29 
42 -36 -1 47 58 62 -23 -13 -4 -11 83 70 9 -25 -53 0 29 -11 52 13 71 -39 18 -44 -47 -58 -77 -55 73 
1
28 
-75 
35
-43 36 51 -7 -58 81 20 -96 -76 58 -54 -60 -10 -29 92 -30 12 -99 49 16 1 47 64 45 -19 36 -48 -46 40 -13 -81 31 62 -64 92 
26 -41 -60 -99 -30 69 -26 17 -5 89 -24 -52 -43 4 5 -33 -47 -30 -99 -63 -26 90 -36 -77 1 -52 18 -50 49 -58 -82 -89 -58 -1 33 
34
88 45 11 -73 46 -84 22 -14 69 65 75 -10 -38 62 86 24 -44 99 78 -7 22 40 92 43 18 40 88 18 -88 3 22 -82 46 16 
39 79 87 -62 -37 75 -81 -28 70 88 96 -64 5 -9 -86 -53 51 -78 -83 4 27 -44 -52 -74 -29 -17 5 -81 19 -5 90 -71 49 -89 
2
94 70 
-13 -77 
14
34 0 -6 -79 -68 49 15 -67 49 43 7 3 80 87 
78 -69 -97 -54 -83 -68 47 -1 61 -83 -25 -51 -85 75 
17
-65 -42 47 4 -99 58 87 -94 -34 91 -14 55 63 58 8 58 -28 
-95 33 -65 -45 -47 46 15 -96 35 -63 95 69 -98 23 24 -56 18 
47
48 71 38 24 -43 -38 18 89 42 -81 4 89 90 80 31 -86 7 51 52 -91 97 77 -93 -40 -20 13 -25 69 64 99 -22 76 -72 -65 69 23 41 6 36 18 78 84 48 -88 85 -56 84 
-22 -9 56 9 -44 73 -69 -30 -65 86 -80 2 98 88 -82 -42 -47 -82 83 -36 -10 54 -42 25 -45 -92 -15 -13 -93 -51 5 -53 69 16 -49 74 43 -74 -66 63 86 97 -66 -35 -56 -77 -94 
