-55790
-87950
-11889
-57269
-74896
-159431
-127406
-102453
-69969
-4301
-150366
-1200
-57080
-138772
-101799
-12906
-54627
-872
-41142
-135867
-77229
-177338
-24929
-20672
-59229
-11014
-30575
-123290
-122253
-113759
-167314
-94837
-135761
-128143
-74869
-17040
-104075
-64708
-19017
-74335
-116386
-64958
-82702
-15220
-3046
-19234
-78246
-77363
-44213
-30657
-3188
-125727
-102701
-164828
-14679
-68019
-14991
-39680
-104656
-40579
-99674
-62566
-107234
-18051
-98446
-114881
-54555
-38350
-88272
-137281
-93808
-103615
-38738
-76517
-101253
-150034
-14201
-98122
-121031
-115868
-140062
-94750
-70330
-23992
-23411
-37632
-128174
-93827
-90800
-18077
-34166
-132196
-62706
-2100
-90225
-110803
-8148
-45525
-60902
-177018
