zAAAzAzAzAzzAzAzAzzA,1 2 3 5 7 9 12 14 16 19,199
609
138
880
552
20
533
225
306
844
441
203
122
316
92
156
799
313
458
817
652
808
677
910
981
529
770
75
549
549
697
829
761
301
49
166
998
86
339
832
996
280
632
843
194
328
522
110
441
610
517
380
395
663
600
1010
889
1006
553
850
601
382
9
694
739
364
626
970
230
378
250
197
552
352
1014
421
362
918
1006
552
298
17
686
696
671
757
964
367
480
701
345
18
330
837
290
922
426
590
871
360
532
656
481
300
831
365
618
442
223
408
843
377
245
1004
276
436
875
345
128
713
218
973
500
8
632
376
945
223
245
68
158
602
795
894
387
713
276
248
597
10
346
831
494
180
33
993
6
634
128
1012
502
745
401
538
668
914
138
446
172
10
853
637
781
419
1
643
832
948
902
354
323
50
797
682
436
178
427
859
753
974
878
266
275
374
263
762
416
193
156
822
997
645
709
370
587
777
416
837
596
142
AAAzAA,0 1 2 4 5,2
23
2
AzzAzAAzzAAAA,0 3 5 6 9 10 11 12,6
50
250
176
15
140
192
AzzzAAAzAzAzzAzA,0 4 5 6 8 10 13 15,5
143
78
38
249
2
AzAAzAAAAzzAz,0 2 3 5 6 7 8 11,16
151
90
136
235
71
56
139
72
209
195
23
253
23
243
190
104
zzAzzzAzAAAzzAzzA,2 6 8 9 10 13 16,10
91
48
18
88
4
88
122
109
39
45
AAzAAAAzAAA,0 1 3 4 5 6 8 9 10,83
112
370
309
339
224
86
460
13
134
367
473
292
293
102
131
159
352
209
290
448
111
382
442
11
209
406
119
8
265
370
371
212
248
315
324
86
155
57
432
302
355
457
424
79
69
233
247
183
173
21
34
167
364
435
151
85
441
16
88
191
67
250
217
427
302
51
403
228
412
224
95
20
207
227
396
447
384
481
238
114
363
260
63
AzAAAAAzAzAzzzzzAz,0 2 3 4 5 6 8 10 16,31
168
304
93
29
481
349
351
4
201
449
486
470
391
469
83
83
85
19
342
302
392
223
240
288
134
3
83
227
131
104
156
zzAzAAAAAAAAAA,2 4 5 6 7 8 9 10 11 12 13,269
1851
1455
785
1520
95
1214
1658
1978
1331
1131
739
1025
434
1581
876
926
952
373
1651
462
525
1773
990
727
1017
1853
1250
770
1694
1439
1335
1947
1484
518
344
372
292
1902
1210
1398
627
514
115
724
1821
1649
1467
1049
1206
929
1761
812
511
1181
619
1473
1329
9
1598
1284
1979
1165
914
234
126
1017
1908
291
741
590
426
2020
1457
1116
1676
1278
1173
982
1063
1318
22
74
137
1950
1391
497
1685
556
915
1891
93
389
87
364
652
1302
1356
262
853
1025
1483
1358
664
409
1493
1458
1528
1024
1696
918
160
595
1270
1147
1649
1113
1875
1297
1514
1591
764
459
1853
1585
385
694
503
1096
1717
1980
1322
1087
1268
779
408
1336
893
526
1494
490
876
1362
1754
455
629
1388
639
363
1348
1182
1785
843
1807
221
1076
1918
963
1648
38
633
157
224
195
1015
1746
313
257
818
1582
827
1847
1177
21
1127
1685
1931
547
893
1089
1601
415
1257
357
541
635
453
1247
100
1698
554
1598
837
1316
1912
1884
448
1257
1115
1575
1237
478
662
679
6
1711
1900
1597
860
805
343
1896
216
630
1917
705
69
1637
209
1397
634
87
163
452
432
887
174
1362
735
1678
1723
560
1020
1057
1578
35
1353
1278
448
556
1007
2012
1948
756
1735
1188
1729
575
752
1459
1434
1375
1661
1216
1512
1743
198
1169
1680
728
1532
963
90
1899
499
156
1893
187
1314
800
zzzAzAAAzAzAzzzA,3 5 6 7 9 11 15,18
109
30
121
33
36
1
97
35
118
83
23
56
108
23
66
49
2
2
AzzzAAAzAAzAAzzzAAzz,0 4 5 6 8 9 11 12 16 17,120
738
606
993
474
6
334
245
434
102
271
310
369
582
520
476
913
594
481
15
95
204
275
260
698
612
11
457
279
858
704
755
405
77
79
752
774
199
314
950
346
890
115
762
693
1019
211
786
977
263
923
305
1000
313
26
212
251
655
623
142
959
473
1009
880
174
106
100
495
468
829
837
69
1021
78
462
619
174
172
285
247
706
259
162
895
602
512
846
979
18
579
520
594
907
514
455
960
621
110
445
36
1016
343
198
181
383
173
980
850
226
802
877
455
836
159
534
208
244
712
906
3
432
zAzAAzzAA,1 3 4 7 8,3
19
20
22
AAAzzAA,0 1 2 5 6,6
21
21
20
15
17
6
AzAzAzz,0 2 4,1
3
AAzAzzAzAzzzAA,0 1 3 6 8 12 13,19
108
121
74
52
2
9
29
36
89
93
20
8
105
79
77
118
41
12
41
AzAAzzzAAAAAAzAAz,0 2 3 7 8 9 10 11 12 14 15,113
652
1582
1464
978
1190
887
187
1999
1698
1313
1847
1724
959
1682
1269
1743
1642
1863
1233
32
939
160
1682
1704
479
17
349
1623
946
1008
1879
1246
55
1196
1292
285
534
1569
1518
1706
131
1672
1313
761
91
2010
1488
956
1482
1143
1941
1136
560
1555
1630
170
3
1294
1114
1179
834
337
767
772
911
472
1319
831
68
620
2005
128
1356
1528
1266
55
1428
378
1406
1106
1346
1003
1223
536
820
1582
1770
1419
1633
872
434
736
928
685
729
1180
335
1816
1525
1698
1184
1012
1247
1423
1300
1897
1940
1471
404
1509
2019
412
1189
zzAzAzAAA,2 4 6 7 8,4
28
11
7
1
zzAAzzAzAzA,2 3 6 8 10,2
0
18
AAzzAAzzzzzzzzAAzzz,0 1 4 5 14 15,14
8
17
44
14
28
46
56
41
16
38
29
60
57
43
AzzAzzAzzAzzzzz,0 3 6 9,1
1
AAAzAAAzAzzAA,0 1 2 4 5 6 8 11 12,45
72
458
349
464
119
331
385
182
283
311
4
373
452
438
393
463
30
279
272
329
410
414
372
112
344
400
397
310
308
222
478
168
131
251
5
136
246
275
434
354
215
228
19
274
284
AAAAzAAz,0 1 2 3 5 6,2
32
3
AAzA,0 1 3,1
5
AAzAzzzAzzA,0 1 3 7 10,1
25
AAzAAAAAzzAAzAzA,0 1 3 4 5 6 7 10 11 13 15,202
883
1859
550
1234
122
1714
106
19
1411
1843
72
1249
1304
124
531
353
334
1877
35
951
1824
666
1511
1167
710
113
220
684
1438
869
1215
1862
348
1082
690
459
790
1570
974
1227
1180
1767
1958
1959
1121
1252
992
597
1854
1608
1557
1779
419
1035
857
863
1079
377
72
1449
1041
1999
75
363
494
554
1580
657
551
1231
1650
1910
111
1511
785
1076
1986
1973
937
1617
1112
678
970
1334
671
321
290
1939
242
1198
1077
1063
1180
1819
0
253
1035
410
826
1763
493
276
234
359
147
1194
1763
1940
852
1040
1856
13
1208
1804
996
1714
1562
1437
94
1662
2031
559
1129
1952
362
1436
1603
143
1556
592
109
1233
1852
527
460
1470
80
1782
1366
983
529
1545
295
1476
574
993
430
712
1958
1404
1027
1570
876
1745
367
844
1649
930
156
719
1720
523
1079
1949
1129
1868
1265
1819
1182
1808
1242
1250
751
597
2018
813
124
487
958
1390
20
1908
546
584
1106
125
551
1510
1655
974
561
784
1402
672
1732
250
1569
1783
206
121
1348
1225
zAAzzAzAAAzAA,1 2 5 7 8 9 11 12,6
83
42
77
17
174
8
AzAzAAzzAzz,0 2 4 5 8,2
19
1
zAAzzzAAAA,1 2 6 7 8 9,11
53
9
18
25
21
23
23
55
21
38
32
zzzzAAAzAAAzAzzAzzz,4 5 6 8 9 10 12 15,55
193
229
116
19
79
40
108
111
240
98
95
222
225
56
56
206
181
28
7
221
46
167
55
190
46
211
44
187
140
179
131
247
207
136
214
97
155
25
112
178
205
123
24
244
43
133
19
44
173
81
158
208
214
147
0
AzzAzAAzAz,0 3 5 6 8,2
0
27
AAAzzAAzAAzzzA,0 1 2 5 6 8 9 13,4
244
172
125
179
AzAzAAzzzzzAAAA,0 2 4 5 11 12 13 14,1
39
zzAAzzzzzAAzAzzAA,2 3 9 10 12 15 16,23
54
119
6
32
57
20
89
113
75
18
72
30
31
67
50
69
22
102
60
7
37
102
23
AAAzzAzAAAzzzzAz,0 1 2 5 7 8 9 14,11
239
163
93
40
100
28
56
147
142
2
7
zAzzAAzzzAzAA,1 4 5 9 11 12,12
53
58
13
20
18
33
27
54
18
60
19
1
AzzAAA,0 3 4 5,1
1
zzzAAAAzzAz,3 4 5 6 9,3
26
19
18
zAzzzAzzAzAAzAAzz,1 5 8 10 11 13 14,11
44
118
50
122
98
96
100
101
83
77
40
AAAAzzzAzzzzzA,0 1 2 3 7 13,14
54
29
56
3
4
58
3
35
20
10
28
15
34
54
zzAAAzAzzzzzAAAA,2 3 4 6 12 13 14 15,45
16
139
71
71
205
182
56
174
178
64
50
84
188
12
159
202
31
128
32
22
44
120
161
53
252
227
84
210
238
117
89
199
221
205
184
244
46
6
125
11
57
204
110
166
204
zAzzAAzzzAzzzz,1 4 5 9,1
7
zAzAAAAAzzzAzzzAzz,1 3 4 5 6 7 11 15,27
137
4
11
20
189
1
164
200
81
87
108
233
53
123
80
41
205
89
183
113
113
71
221
83
211
251
28
AzAAAAAzzAzzAAzzAA,0 2 3 4 5 6 9 12 13 16 17,449
1718
734
737
1455
361
1268
39
841
1463
227
514
916
1923
1888
697
1571
1769
1970
1363
1703
1894
1891
1425
1747
194
1946
1846
1358
994
493
1720
492
823
1003
454
1329
275
1975
295
1308
116
1775
1290
1731
430
879
1761
793
1098
49
1639
1750
1681
331
1497
796
1518
899
776
1118
1956
824
1339
1739
1953
672
1298
1362
1366
736
1542
452
829
683
1268
870
1174
14
832
864
642
424
466
1851
625
1833
355
268
899
119
72
1817
604
1740
232
603
621
1087
2036
1017
950
331
286
401
486
1431
1362
1746
1159
1991
1395
530
1748
968
336
1876
697
56
559
288
1746
1783
1069
1051
674
657
1546
64
99
345
1718
1449
1137
1022
107
291
1136
1556
1464
1538
78
188
1476
560
1617
446
204
2
373
714
1199
818
446
1756
1675
949
336
135
1990
253
1087
1126
1958
952
1575
1816
1540
1569
1474
425
356
462
968
1187
1254
885
1662
1501
1322
613
253
1136
824
1098
369
1026
1788
1735
958
164
1147
1530
1022
496
1336
1488
1736
1245
1018
636
1852
1378
1224
2
611
1000
492
1711
2029
1551
429
1238
2023
1632
1533
857
475
1358
709
718
1579
109
1496
1214
97
2001
1739
1604
769
298
2036
324
1246
824
363
1540
206
1798
1960
1488
832
785
1075
939
1043
897
965
140
2012
156
639
1302
71
1041
875
638
982
1041
1278
191
1594
737
371
1289
586
281
971
1324
643
1298
1228
552
1650
1079
1722
743
1920
483
681
1869
1491
893
1884
585
81
130
630
942
1161
1905
581
1311
426
1848
254
73
1587
614
1436
330
239
1962
2032
1716
2019
180
1104
406
1573
378
1555
1431
410
564
1167
374
737
1330
776
563
235
400
506
1877
915
1668
1110
780
1380
1957
1479
1986
108
267
2018
414
1187
384
301
258
503
1413
443
238
366
999
498
371
362
650
166
71
870
1123
2036
332
346
1569
751
1907
863
1734
1440
941
1998
1566
1479
137
1110
1002
388
2025
2002
938
1526
1039
882
2042
1049
1993
1333
690
381
282
1096
1052
723
2031
336
1138
185
366
1065
1927
1190
1982
641
459
551
521
516
1767
1631
71
2045
123
1744
1750
1551
749
1556
1643
444
226
615
744
608
1425
1848
808
1074
246
296
819
986
1310
1884
667
1669
1456
1206
2030
1520
1550
226
2039
418
167
1769
1232
523
1655
835
1467
153
1562
1399
1383
1069
AzzzzAzAAAAAzzz,0 5 7 8 9 10 11,18
123
1
117
60
74
70
77
72
81
38
125
114
74
4
110
111
30
67
zAAzAz,1 2 4,1
3
zAzAAzAAzAAz,1 3 4 6 7 9 10,8
31
78
48
20
32
65
120
27
zzAAAAz,2 3 4 5,4
5
1
1
7
AAAzAAAzzAAAzAA,0 1 2 4 5 6 9 10 11 13 14,21
1839
1135
1438
220
1057
1013
1881
1403
792
853
977
842
1304
190
1613
43
201
1067
1159
378
1182
AzzzzzzAzAzAzAAzzzA,0 7 9 11 13 14 18,9
0
36
67
125
50
107
103
82
86
AzAzzzAAAzzAzzzz,0 2 6 7 8 11,1
51
AAzAz,0 1 3,1
0
zAAzAAAz,1 2 4 5 6,3
25
0
16
AAAAAAzAAAAzAzzzzzz,0 1 2 3 4 5 7 8 9 10 12,303
1565
792
1563
101
885
912
1498
253
1705
1778
1753
829
104
515
1433
495
1065
1774
1017
1102
883
21
261
275
1393
1050
1851
977
1473
730
1482
1905
828
260
1139
1214
1455
399
283
1558
1149
1305
924
1343
1289
920
135
174
532
33
811
139
1626
895
1696
1248
1990
279
1236
1071
764
272
259
1900
490
1526
574
1929
1940
1536
418
1636
1552
1193
567
1849
174
675
1269
1323
244
673
326
1325
954
388
1429
947
17
1970
1291
155
1424
1213
94
75
934
790
806
386
1798
1045
1293
826
1650
1113
1037
435
1827
616
1005
409
918
1324
1516
1976
1989
1915
368
1730
1329
413
2009
710
203
1324
273
858
1937
1995
731
62
507
583
1605
1710
682
700
908
66
653
268
1166
1043
1286
762
1227
351
499
1311
1461
0
356
893
941
1121
1849
1876
436
1045
1701
1523
191
95
1053
2030
1938
269
1244
244
421
1181
1054
1547
1691
933
1690
1197
1799
1934
1226
1071
505
1434
1882
1165
889
975
1354
2044
714
1066
926
1439
1439
519
935
1906
1169
620
1332
1252
1440
1025
862
1558
1287
978
1712
144
621
1193
1869
76
1770
570
126
158
219
820
134
980
305
1872
1674
324
735
455
1850
403
116
1673
1600
384
1411
1518
525
479
632
1277
1592
1458
1584
1400
243
1743
280
639
829
1064
1111
359
1922
540
315
316
1814
1914
245
1227
227
482
2029
654
1117
1351
420
382
2004
507
2011
1984
74
1304
361
524
776
714
1247
872
1040
1149
233
1976
1048
257
742
394
1728
578
1396
1528
1990
503
1766
215
1432
90
1622
820
1963
132
965
zzzAzzzzzzzzzAzzzAzA,3 13 17 19,1
12
zAzzAzAAAAAzzA,1 4 6 7 8 9 10 13,5
70
59
115
172
147
zAAAzAAAAzAAzAz,1 2 3 5 6 7 8 10 11 13,215
666
287
259
1001
761
463
598
428
540
576
194
717
705
715
589
300
614
244
859
603
55
75
292
817
98
814
820
172
474
407
897
836
259
379
514
233
348
189
7
35
843
312
295
160
298
485
13
320
382
535
973
997
749
948
683
879
942
894
510
909
718
902
687
871
432
1008
781
276
847
289
304
118
79
763
435
983
94
866
686
734
521
761
452
881
1003
935
273
811
495
988
557
184
732
55
566
537
387
479
621
569
427
20
535
372
101
944
721
248
686
977
154
129
152
406
1015
925
982
687
109
339
617
1
901
848
427
92
489
867
682
211
570
587
388
62
262
136
684
608
471
529
920
457
506
44
788
379
930
968
506
460
490
438
709
806
510
254
442
635
492
822
538
806
134
147
364
837
639
912
889
991
833
66
85
207
889
567
490
795
748
491
777
602
822
577
1012
653
780
713
458
304
84
929
330
362
132
939
568
602
634
357
48
982
107
191
626
188
208
526
115
221
170
46
374
305
849
zAAzAzzAz,1 2 4 7,2
5
4
AzAAA,0 2 3 4,3
13
1
8
AzzzzAzAzAAAAzAzz,0 5 7 9 10 11 12 14,58
110
165
101
63
84
111
120
176
75
33
34
49
232
79
51
29
162
87
0
147
111
55
16
118
111
241
112
105
67
237
249
88
195
135
22
151
238
141
24
177
3
103
70
36
213
199
245
51
62
219
10
85
183
70
71
157
67
221
AzzAAAzAA,0 3 4 5 7 8,16
58
54
15
20
53
1
51
28
29
58
48
34
26
39
10
58
AAAzzAzzAAz,0 1 2 5 8 9,2
56
34
AAzAAzAAAAAAAAzAzA,0 1 3 4 6 7 8 9 10 11 12 13 15 17,1731
11407
14166
9351
3575
12634
11473
10348
12050
12636
4808
19
7944
16077
6947
758
13833
788
8396
4314
13613
11731
3092
2623
12351
12248
1719
4407
950
4113
11923
7492
5105
13847
717
14703
296
11011
9238
5372
1695
5853
13557
532
4983
929
12140
4959
15799
3944
7304
1365
8412
9362
14759
607
7063
2763
14539
2721
8927
14733
2148
1876
13910
6844
2440
1401
6629
13131
12810
458
4350
15545
12171
2186
12474
5316
9157
5792
6023
7851
6437
6830
7485
15660
8388
1392
11237
15934
4250
16368
15032
8966
5939
12384
3113
15792
1736
6674
1823
1040
8454
3937
9258
16378
1312
2481
7982
13571
3953
8625
210
8495
1140
4296
5678
10433
2835
5468
11830
15746
9228
971
3212
5467
5562
8660
6518
15402
6430
5985
753
3931
11484
5443
16347
12164
2335
16248
9318
14900
13698
12616
6366
398
14669
3039
8861
16103
11800
5229
487
8904
16360
14453
7071
8445
7425
9779
7718
16193
7450
10066
2886
3914
9627
927
7775
15076
9704
9079
6361
4704
13230
3148
53
13838
2824
6858
6661
4199
8234
10478
8767
12749
4810
13838
14918
2985
9306
13786
9171
16181
13363
4889
4483
3633
13666
13839
14159
9779
16352
7057
3758
7424
4382
8258
15677
13425
15354
3296
9512
13295
7124
9166
1373
16287
8241
12196
14012
7336
9445
15592
6859
2908
16063
6080
10030
5554
5201
14748
3999
7862
8411
1843
7634
13797
12549
14795
768
6311
8178
9255
915
10801
9792
8256
6198
16376
5361
5921
1683
12603
8415
11703
15825
5157
11862
3332
8267
15685
3787
1723
4509
2210
7637
9784
15702
6735
5556
2536
4440
2258
7780
12483
15458
13571
1327
12636
10524
2434
1203
15387
7192
2467
1727
7810
562
9759
10119
3547
9748
14018
3336
10542
13380
15746
4643
6648
8296
7202
8644
5231
10597
15566
14008
8359
2889
1729
8097
10974
3586
12477
10204
1752
6008
5001
1719
1028
839
2555
5460
8004
15244
6858
44
2956
243
9227
14550
5150
14463
1372
14109
2584
12127
1122
8043
4123
8206
14562
12664
2010
3288
15428
1326
2605
15362
5299
15221
13941
14549
6256
15516
8722
10173
7536
13435
7807
11329
14129
15491
5142
11384
9216
15798
10720
11700
12641
4305
4864
10826
11488
12137
7205
2959
950
13774
9674
4321
7436
665
138
10011
4832
1180
1894
1108
12935
1096
13559
3855
12278
14337
1959
9885
2217
1036
7428
1904
11778
4296
3436
2429
2746
14075
11179
12341
8009
10834
3400
9961
10850
8780
10489
8199
8406
6130
12007
14659
9759
14750
10495
15850
14940
1010
3900
3441
13827
3971
3050
6191
10504
8416
1557
5476
2895
16114
15690
7238
3509
13902
9298
7459
11445
3484
12578
3898
5919
1059
11861
3816
2248
10007
9451
12302
4008
16333
10727
14062
6639
9389
9290
10127
3095
6483
4112
3571
6080
1340
1369
13332
7505
12764
3286
1200
14683
12429
1089
4390
4349
11534
15921
13425
14248
9728
475
6451
9943
5917
903
11356
4101
3715
13346
3692
13532
14007
13674
11993
68
14744
7068
7420
15907
14583
85
2814
12263
12623
4704
13785
14429
15949
15245
12200
6725
6564
9717
12308
15595
5462
13761
12422
1785
7633
6443
10550
7195
15977
12238
8458
1083
8463
11301
13198
1318
6077
11272
9867
4233
13408
4631
7560
7617
986
14898
9333
4136
14060
10107
15036
541
4245
1510
6115
2213
1050
14489
10737
3287
10588
9958
6590
13788
13808
14535
11217
2051
4158
1799
3544
14674
10500
11246
4178
12326
14454
3995
14563
166
6621
375
1711
8645
8251
8474
5312
11566
11841
14901
15799
10982
13054
15338
11027
13108
11441
12494
792
6999
3470
13460
8567
11458
4228
15240
12220
84
15573
367
1131
11191
9405
11795
3246
6416
14979
7740
8985
8160
9563
6198
13755
10735
1199
12749
3412
13092
10088
12036
10660
8941
4103
16053
6387
11312
1687
15878
10381
14380
10847
5611
1502
14659
29
12157
7274
4102
13228
1288
6456
8438
11261
9310
6325
5388
6317
14268
12056
11323
63
2322
11706
15341
14683
4350
4839
9860
9961
7848
8757
6000
9077
10243
14068
6065
2905
4613
6749
7448
4017
13601
10749
8566
14965
14641
12758
7956
14441
5052
2358
1693
6647
8651
14850
7896
12241
15773
2687
5472
621
812
7410
15512
7467
12287
3013
14901
14695
1205
14273
12926
4454
1482
15509
10907
6293
876
10872
6790
14531
1679
15403
8680
15138
13783
525
3935
9192
14311
4304
4192
15950
3986
433
15784
13698
9425
3785
5015
9247
13327
15530
14365
2370
2587
12042
3042
10423
4037
14766
12743
8498
15404
15977
15239
8125
9076
7016
5104
15909
5330
6682
13481
10970
16200
7059
12297
5266
3488
3096
5374
875
9690
10279
7989
6104
1717
1819
987
10536
2236
11482
13342
26
13983
604
12960
13231
12698
13812
3864
1869
6896
3250
14362
8024
12766
13395
6552
14996
5794
10209
14116
6791
4878
11438
9851
5082
5197
10249
9958
15563
2830
15413
14160
11939
251
7191
9862
1605
2151
7072
9484
9006
7509
15764
13593
2702
15268
7180
5342
8094
9108
2630
16371
9250
8933
5302
12173
12311
11127
12712
13877
2583
1796
1645
4409
16077
5774
593
9260
11898
3139
5047
12767
3635
11219
16126
11087
6063
3063
2798
14264
12792
7560
4806
3815
13548
16180
3775
15896
12034
6300
12161
9766
15365
8064
7353
2230
249
3887
9446
13577
12965
2658
16223
13173
11145
9649
15582
15618
13559
7725
12351
12085
15675
11287
3876
7219
14380
12272
10961
14767
8969
6192
6125
15520
7421
16121
5430
6347
10835
12911
15690
15749
7242
13295
7124
8547
15016
8434
5867
12376
6443
14061
12598
9759
781
15264
10536
8311
2263
5644
88
8392
4164
2959
5060
2039
2662
5775
5823
8798
11133
751
12608
13090
11430
5787
11285
1555
7440
7162
15461
1527
7030
14735
7215
7624
6750
12609
1595
1095
1815
316
1336
13377
748
8059
12861
15446
9962
13835
7860
13786
14926
9723
671
12869
2706
13493
5758
1511
7936
3826
6038
9933
14578
3333
385
15275
12997
12494
2225
11972
16040
14803
2865
2743
14652
14717
7607
13573
6187
6813
8402
3983
1211
12815
7555
3467
4351
3222
9214
5440
2240
4712
6678
7497
9752
1542
14485
6995
6709
10977
1727
6656
14942
3996
5022
1912
520
14289
8196
9322
3488
15365
4925
3854
13502
4904
15039
10355
3406
10234
7509
11020
5780
4952
441
2221
8548
14501
13620
11670
6808
22
13239
3605
1112
3782
9874
6574
2833
641
8167
14074
11044
16377
7256
15399
6909
9382
10103
9057
8333
10527
1284
2012
84
3804
12543
12831
2331
12652
6924
826
7008
14288
5634
68
15361
12267
8430
3289
11070
15783
2767
1400
8840
4844
12777
10036
11258
2195
9282
6421
14292
10080
3129
5129
14040
16095
5353
895
14660
2897
4252
1467
11832
14922
3517
12508
12257
11818
12316
14728
13453
12069
13897
15963
14085
11897
6395
13721
13522
6782
10508
15577
13176
5953
11364
14126
14487
13016
15958
15599
11404
16307
3167
6088
9536
4449
2648
2309
13286
12552
15477
6202
12329
6792
1315
10918
5862
16010
11452
2822
5517
7643
3426
4098
8580
13670
5119
10435
8325
10515
7706
6479
3476
11814
2528
15200
14645
202
3460
5814
12655
10536
4584
5576
7287
7260
13805
11807
8437
12455
12718
5672
14339
10938
15340
3706
9356
10805
13609
15551
1996
9787
5298
4946
9086
11271
6808
3268
15547
4009
3042
11159
3586
8418
15844
11263
12956
11499
13932
13634
682
15409
14470
14932
6265
1979
10784
2828
191
15407
3000
5522
7126
3327
2125
13696
14587
9627
16316
12716
13587
11237
6609
13746
13328
6647
8940
4291
8891
13281
7128
2250
5784
784
8870
1765
9831
135
5486
978
2853
9368
13574
2260
1063
5430
9673
12723
1045
4149
4782
12247
12649
10268
7965
13975
14164
10679
12959
15490
2070
553
15608
268
2209
6477
2637
729
1631
4437
15325
11948
8553
11880
13520
14591
14291
11184
2211
6006
14410
8528
8796
14420
8210
8419
12888
15486
6900
9874
3057
3648
12408
7837
12862
1890
853
14089
10047
3185
5231
2507
12442
6545
14368
6452
8685
6126
14100
6562
14782
3067
16124
1881
13849
4050
2564
1524
7124
4228
6831
5732
9376
5287
3341
670
13440
1078
12446
3048
12029
16259
11206
3172
940
4682
8301
15225
314
15656
15456
6663
8150
2312
10631
2016
11752
12908
5474
9687
6143
2802
8897
13853
9584
10890
12951
11790
4453
422
6939
12343
11636
1534
6924
9513
13677
15272
4893
5146
13322
7410
2478
11838
6176
10312
2337
8662
5199
92
14249
9184
13887
7585
3928
5259
3128
135
4149
13773
4174
11823
1806
12881
5615
16351
2968
1922
11819
5309
7720
5319
3261
12666
9486
3432
14432
10295
9012
5525
5323
5730
5981
12274
13718
2504
3752
9477
4614
14894
13083
8481
13011
7620
10371
742
15735
10425
5032
12296
3162
63
8568
12541
15738
16295
10371
3196
12085
14434
12438
14617
5610
6652
1233
15292
13424
12664
15831
16211
11998
267
3376
638
7458
9330
13954
4941
13843
530
9442
15679
10810
14790
2736
14469
2736
13726
6994
11033
12646
6511
1446
12141
12551
814
372
8720
6477
11046
7426
6272
266
4811
11338
14766
4950
9823
11633
1659
8689
15997
14826
4217
6359
5567
3253
2145
3196
1193
11719
751
5832
14981
5922
14882
2431
3723
3571
4280
2100
1398
8904
15663
9983
15989
7781
12972
11720
13851
14898
14436
7155
2817
4863
11904
1284
5034
3322
14227
1299
11753
15310
13228
1994
7443
10471
4996
10154
5578
15537
2593
6442
11321
15517
3064
11801
2349
8474
2139
4368
8496
11483
15235
4030
3030
8354
70
3152
15678
8304
16022
14734
8418
2026
9489
6977
9259
15817
12026
14901
15169
1756
9355
12227
2816
5832
3507
10623
6249
9516
4439
2110
12919
3543
13857
12591
1994
11522
9168
12217
7317
13423
9230
8858
10533
11418
14644
7990
13972
4518
12119
9740
6966
6122
449
283
5871
16359
6790
325
13991
14661
2807
2683
13163
13441
9166
11994
14638
1146
10299
496
14295
10636
4034
11475
5686
13020
1535
3181
9934
11876
11736
4649
16116
5790
6638
8400
6562
1952
3560
1164
15961
903
692
3209
2296
250
11041
16368
15962
14
12420
7560
8396
2100
2559
14191
11343
10246
12503
10750
13273
15068
9320
552
4247
4422
1031
6501
167
283
12249
7806
4728
9076
4186
1583
13680
12442
9714
13230
563
4371
13536
11226
11106
7446
6748
11739
1652
8120
1748
13048
2507
4744
5742
12705
1379
4035
10022
AAAAzzzzAAzzAAz,0 1 2 3 8 9 12 13,51
233
111
241
15
53
228
184
148
245
238
181
227
247
119
28
12
80
183
51
96
180
3
195
13
144
84
174
186
47
144
37
146
39
166
74
235
70
178
45
5
28
199
189
153
181
43
67
4
136
182
100
AzAzzAAAzA,0 2 5 6 7 9,4
21
31
41
14
zzzAAzzAzzzz,3 4 7,1
3
AzzAzAzz,0 3 5,1
2
AAzAA,0 1 3 4,2
1
13
zAAAAAzAAzAzzAAAzAz,1 2 3 4 5 7 8 10 13 14 15 17,81
3650
1907
2610
3920
726
2103
3040
3144
40
828
2043
585
1019
501
1389
2828
214
1991
1517
2569
4090
1451
2224
2321
2389
1925
102
329
1312
2534
373
3777
3652
1865
1396
1027
2094
3053
2117
2234
390
640
3389
2366
1143
2510
3346
54
3679
1007
2264
3953
428
930
1397
1429
1446
2181
3571
3913
2705
3665
3931
3328
521
2199
4011
3638
3424
876
1854
3093
962
421
1082
3800
1636
958
2106
267
3941
AAAzzzzAAAzA,0 1 2 7 8 9 11,4
65
82
14
61
zzAzAAzAzzAAz,2 4 5 7 10 11,17
25
3
49
21
5
15
56
27
48
20
59
44
24
47
5
60
1
zAzAAzAA,1 3 4 6 7,3
16
5
17
zAAA,1 2 3,1
4
AAAzAzzAAzAzzAAzzAAz,0 1 2 4 7 8 10 13 14 17 18,202
100
701
336
966
274
1708
2038
174
1145
1539
927
233
199
1897
215
1328
888
1198
194
1906
1541
935
505
1271
600
1652
274
173
1517
1921
1134
1949
1584
163
1969
1751
1877
172
1980
1701
1346
668
853
9
1442
1959
882
493
1377
685
608
482
2003
1542
210
500
1812
566
168
1551
84
1921
1192
667
1012
164
1074
1541
1953
88
1124
2027
1400
473
1115
1172
680
418
513
1436
1168
413
557
1741
626
542
388
1693
1589
1270
813
908
559
498
1919
1227
219
571
1277
948
2009
1076
1776
1926
2044
878
204
1131
1422
88
588
1613
1246
1861
1053
797
57
1629
1929
1421
1860
526
1240
2008
943
1524
2038
701
1402
330
1489
1583
1739
924
812
440
1389
1016
1986
1618
1399
205
1911
664
1264
1858
701
774
345
227
1976
1131
1981
1616
33
219
1734
563
1085
1285
1910
1440
1981
490
1853
1759
1879
1887
1942
562
1428
940
345
541
34
426
78
1570
507
1121
1715
645
1955
863
153
1859
1645
806
1373
1155
1225
702
1429
1629
203
88
54
42
1393
1252
1013
1908
AzzAAAAzzzAAzzzzz,0 3 4 5 6 10 11,27
62
108
78
122
37
86
16
3
52
49
101
122
21
92
30
64
84
68
112
26
123
37
96
40
60
79
18
AAAAzAAAAzAzzAzzAzAz,0 1 2 3 5 6 7 8 10 13 16 18,842
1892
882
3541
3572
3892
2631
1997
2391
3922
624
3652
303
2407
2617
2866
3365
3369
3810
1695
1511
2665
3243
2459
3527
320
954
3608
2922
3017
409
712
693
2950
2994
2219
3546
1144
492
1688
2382
1084
2663
2765
3434
1067
3843
3933
606
3195
590
3853
2037
729
4023
3563
2887
1479
3969
1372
1126
1111
3796
3085
2394
237
1266
2840
1708
1116
1651
3931
3708
390
1847
3613
1344
3867
828
3832
3692
3486
3171
2076
706
3730
794
3257
2488
611
451
4007
476
1626
25
1954
3768
3467
2316
3815
3915
3264
1039
3669
1178
210
3747
3143
724
1495
1301
3215
2861
2632
4039
1621
2629
2644
192
2392
2566
1466
3852
577
2964
22
356
1490
157
2012
3327
147
2749
1907
2084
733
343
3744
1173
3846
2406
3241
3400
1500
1960
565
4083
3620
1276
933
2774
419
3377
3905
2662
3988
3230
1692
1774
1057
2013
2286
329
701
3310
1211
987
1867
2540
1050
461
685
742
50
3774
2223
202
706
2739
540
801
3173
3749
1547
935
2224
1137
22
3296
2489
3680
785
3332
2158
491
1715
242
433
1446
3472
2972
4068
1158
1537
474
1490
3380
1623
2148
2751
3299
3647
2093
2759
1328
2730
2932
972
2732
585
1942
3247
3885
2039
3503
614
138
3202
2477
2102
464
2627
2934
3840
3119
590
1916
1144
768
2216
29
3127
2192
2152
2986
2527
3767
1105
1045
2491
1892
2765
4076
2245
2769
445
22
1371
3446
3632
1480
1037
2359
3135
3377
3361
1090
1641
1076
2418
93
767
578
3761
3449
3909
1643
2422
3721
2980
1948
3446
992
3213
756
3083
2269
3961
2399
1060
2681
3876
3781
43
2453
3109
1758
39
2656
1768
1187
2089
3440
2154
2183
3564
1327
2758
544
4040
3666
499
2781
1739
3297
435
901
3054
2147
868
2756
584
3000
1973
1790
1761
816
3864
4016
118
2766
3510
4076
255
3081
4045
2117
2427
2266
1200
2217
988
3077
2721
2211
3963
688
320
2561
436
657
2303
3265
2349
1704
3642
348
3075
1116
2890
1467
3638
3401
1794
3703
248
2758
3794
3788
2765
3505
3232
833
10
1205
2262
1028
1063
2331
587
3758
2147
1583
3656
1313
2779
217
3295
4009
686
1750
2972
3991
1889
4008
1143
688
937
3167
2515
1510
465
2170
1437
1136
1670
2648
299
2051
357
2955
1387
3045
1055
3537
1752
3547
127
2094
3653
3048
2713
1612
2475
509
556
3406
941
494
2223
2460
2540
2518
1826
1585
2191
33
3913
208
3822
1025
2926
827
3009
34
3690
2485
2914
3211
667
3069
2614
2677
1346
3538
2111
3105
2122
1486
1799
401
663
2735
764
2003
721
1249
3663
613
3758
1185
2347
2383
3933
1319
3141
2312
1519
140
3531
27
427
1534
3127
625
421
1817
1002
3617
1592
4030
3478
3607
4070
2494
925
3393
1460
1825
296
2972
3669
1718
2204
3366
1283
2689
843
3790
450
2402
2329
3796
3669
401
2408
2611
1254
701
1997
2122
2564
2113
4056
2488
2763
1422
1337
2025
1998
1768
1814
1551
3373
3268
2023
2463
3977
1746
2129
1428
3904
509
144
436
789
3608
2808
3315
2513
4087
705
198
779
0
95
1892
409
2560
2408
878
2724
3931
14
3283
1345
732
1109
178
3019
972
2642
1121
2687
1020
810
3273
3268
2176
3140
2265
3986
1550
2113
3070
2300
375
1285
1959
2222
3173
2349
2428
3775
3743
275
18
407
761
3898
4052
3685
2306
2526
1462
3258
2973
2602
1551
570
1543
576
29
1982
917
2472
2925
80
741
3996
3255
831
456
4065
562
2350
33
627
1402
2160
1883
1877
488
2293
1686
941
639
1563
205
3024
1721
4090
1265
1921
990
1157
2677
2836
2980
3233
411
3561
3010
946
2299
3663
2886
859
3050
3961
1732
123
3536
118
1398
4050
3550
3092
2868
452
2068
446
1204
3601
1404
2358
251
1200
2900
1220
3290
1556
2813
1910
891
711
1949
977
2999
1080
2093
65
719
2061
3393
350
2357
3876
2922
828
1416
1115
436
3089
1090
1939
2267
527
1950
1523
3662
2378
1276
2043
2639
3232
179
4045
1809
3297
2016
1004
2625
731
282
768
909
578
3846
2553
3927
942
3497
2286
1189
1076
1088
2534
3006
1709
3851
3531
2675
264
3219
139
3329
3019
1391
1515
3932
1368
3724
2370
3130
166
3743
3977
351
2206
2160
526
2808
1658
3630
3606
4082
1553
16
927
765
1578
2412
737
3931
3137
2844
1596
17
3964
3311
1060
2140
41
3571
3984
1564
1598
3169
2057
3432
2315
3476
1122
781
244
1816
1474
2550
546
2950
1426
1636
1994
777
2295
1530
2837
381
2083
2915
958
968
1873
241
2982
983
3571
942
2557
3116
912
2705
3571
951
2635
1128
238
1991
3884
2071
2831
515
1651
733
325
2663
8
716
2107
2944
385
1280
AzzzAA,0 4 5,1
3
AzAzzzAzAzzAzAzzz,0 2 6 8 11 13,1
38
AAzzAAzAzAAAzAzAzzAz,0 1 4 5 7 9 10 11 13 15 18,73
2007
440
1031
1975
149
1539
389
829
1158
601
851
582
1790
77
589
1162
1761
992
345
52
1340
1064
1564
558
1817
300
172
1757
960
21
1377
317
1275
1530
915
364
311
141
1223
210
1998
353
1508
1894
725
1056
983
490
524
1812
19
1058
896
737
573
872
2035
475
463
1248
1777
170
315
927
1366
602
1684
954
1456
1887
327
1511
1282
zzAzAAzzz,2 4 5,2
2
3
zAAAA,1 2 3 4,1
6
AAzzAAAzAzz,0 1 4 5 6 8,7
38
19
54
61
1
36
52
zAAzAzAzAzzAAA,1 2 4 6 8 11 12 13,46
124
39
135
153
248
200
38
68
227
244
138
162
234
93
173
9
160
3
88
140
125
8
195
42
189
203
56
107
235
123
140
114
149
33
89
34
199
19
150
54
24
84
27
240
25
45
AzzAAzzzAz,0 3 4 8,1
1
AzAzAzAAzAAzzAA,0 2 4 6 7 9 10 13 14,114
434
16
223
401
261
109
374
46
6
481
387
186
375
412
6
170
474
355
473
94
387
460
406
495
402
119
395
206
368
374
151
169
441
335
164
94
501
412
42
130
450
376
382
405
194
303
207
307
477
88
480
298
444
206
30
337
319
192
289
477
211
410
87
390
122
212
162
106
388
385
243
183
65
118
144
282
117
53
416
416
289
84
411
253
362
246
68
261
166
451
307
458
244
459
279
148
406
436
326
251
261
163
106
226
179
266
307
98
326
171
391
0
218
192
zAzAAAA,1 3 4 5 6,2
11
13
AAzAzAAAzzzAAzzAA,0 1 3 5 6 7 11 12 15 16,193
975
744
302
153
617
189
121
790
622
820
677
333
674
387
563
260
825
123
524
997
865
986
71
347
316
215
909
183
948
58
125
676
184
744
288
586
687
693
465
976
399
978
63
334
999
946
294
100
887
544
192
78
709
438
828
213
629
67
129
642
411
432
626
913
272
370
398
700
300
407
463
925
843
962
658
267
491
525
358
369
432
163
828
469
934
829
296
122
570
814
243
154
820
177
634
264
525
375
565
75
1015
257
862
753
627
219
671
574
934
395
413
641
31
746
314
808
306
63
519
95
237
961
80
23
244
824
620
774
429
309
13
331
610
30
786
675
651
641
272
738
13
595
91
716
550
635
1002
821
407
483
103
374
392
669
745
224
1003
770
329
139
809
539
127
455
287
58
977
299
492
223
881
589
102
825
185
723
366
883
349
839
395
27
747
438
463
33
519
219
588
169
204
155
562
AAzAAAzAzAAAA,0 1 3 4 5 7 9 10 11 12,252
497
631
526
407
40
891
831
220
366
392
879
478
264
238
982
517
83
11
52
576
267
260
934
704
325
711
90
395
780
646
701
43
987
623
960
354
539
1005
516
72
9
266
551
788
585
386
701
35
183
804
110
57
644
449
54
94
763
323
604
1011
845
631
758
978
823
824
912
334
310
648
692
2
82
697
457
348
318
806
826
765
953
733
786
778
318
780
506
169
712
251
835
86
875
113
19
557
466
651
56
319
651
783
297
150
478
1014
464
208
688
532
38
7
325
689
247
858
411
526
39
338
556
420
306
732
669
144
72
108
836
652
339
94
264
977
31
964
752
236
305
600
998
561
833
418
562
654
628
450
710
14
1011
900
908
268
528
12
568
545
732
562
31
692
568
391
262
57
303
561
96
103
235
39
333
427
754
874
196
16
527
677
727
759
427
812
369
479
426
81
597
609
686
248
916
366
633
467
419
783
97
683
879
122
128
801
587
209
698
1011
980
97
670
509
985
297
354
91
86
572
524
205
33
513
485
148
931
460
848
8
131
198
944
824
464
945
161
853
22
851
90
276
870
202
842
804
31
301
884
364
87
61
681
688
zzzzzAAzAAzAAzzAzAA,5 6 8 9 11 12 15 17 18,100
333
270
155
9
283
53
461
416
386
320
426
35
385
100
380
23
141
344
217
357
336
467
50
144
505
2
332
444
187
379
376
166
197
20
78
447
204
395
68
57
480
123
243
495
455
377
503
400
340
127
146
73
192
130
439
485
376
107
83
119
417
125
384
384
462
253
467
292
192
324
449
489
202
3
360
426
280
269
395
226
76
491
405
380
44
341
65
387
280
260
447
4
288
417
93
11
315
404
186
26
zzAAzAAAzAAzAz,2 3 5 6 7 9 10 12,24
6
186
112
145
157
9
58
95
130
209
196
207
201
121
236
204
9
90
218
71
150
245
90
227
zAzzAAzAzAAAAAz,1 4 5 7 9 10 11 12 13,59
126
428
196
270
9
284
441
426
71
178
467
484
170
353
378
128
489
457
73
85
243
312
52
311
306
98
344
128
202
228
422
461
192
173
194
38
339
94
137
462
208
180
320
267
341
112
71
439
187
401
72
220
342
31
402
91
149
275
223
zAAAAzAAzzzzAAzAzAA,1 2 3 4 6 7 12 13 15 17 18,353
902
881
1574
144
1860
328
1559
1055
907
201
369
577
1766
817
1251
1458
1895
1
685
828
1279
234
1658
874
1848
1940
1861
370
903
303
717
1054
1529
115
904
226
974
1819
1146
799
1350
1119
1138
1289
757
1364
2002
998
805
1381
707
212
1892
1345
749
1505
1267
1232
521
1437
1938
797
354
945
157
388
1569
945
1534
1159
1262
1206
246
217
147
1407
1457
275
237
480
1148
1650
847
507
877
159
448
779
799
913
1052
1342
878
731
1670
1044
152
1347
214
1446
1440
16
413
1492
554
511
1189
140
856
1783
1367
1724
1697
732
1617
1702
1912
1646
1065
76
744
33
1033
960
845
263
1268
1662
1811
920
850
1524
1753
1907
2024
1082
1338
593
458
1158
94
1252
1978
1724
1667
292
1284
41
1326
1567
1785
466
108
318
706
474
1175
1854
1387
1928
57
225
969
1497
1114
1389
1027
864
1325
537
1623
731
1033
764
1865
793
584
1017
931
66
1579
1647
196
752
1022
1524
952
1378
431
1911
1490
1655
1951
32
173
1187
496
521
1623
1265
87
596
426
1131
98
1789
1833
1430
1711
425
1825
1110
330
1751
483
1962
1510
27
1005
732
1305
250
69
1344
1597
1748
1109
1663
165
1332
1705
524
1323
1726
1238
1156
1086
1870
57
349
138
34
216
49
2022
1819
1648
998
438
132
234
115
1259
382
622
477
450
677
1357
1179
317
906
80
1572
1548
1633
1080
912
730
1489
2039
1342
2009
305
231
1655
1820
1159
1611
1513
1439
352
621
319
1989
1036
762
529
237
1653
1169
1872
1695
1685
1760
1816
1377
727
856
1412
679
279
1092
585
622
1434
1544
1971
1220
1108
267
1008
254
1403
1532
1465
155
1430
1436
1875
645
792
768
177
1477
1029
67
776
423
1059
778
2016
204
1048
1687
292
1395
1409
64
23
1272
856
114
1196
858
1873
1167
489
1073
299
1715
705
1433
AzAAAAzAzzzzzzzA,0 2 3 4 5 7 15,14
40
62
62
120
58
107
120
78
88
38
44
89
16
10
zzzzAzzAzAAzAAzAA,4 7 9 10 12 13 15 16,39
71
10
194
253
132
149
112
49
202
68
27
207
124
113
22
252
206
10
0
24
243
113
194
45
151
23
41
203
230
136
139
25
42
217
246
219
102
31
224
AAzAzzAzA,0 1 3 6 8,4
15
26
25
4
AzAzAAzAAzzAzAzAAz,0 2 4 5 7 8 11 13 15 16,185
620
303
595
281
976
568
312
688
974
283
1012
1013
794
885
5
866
568
880
404
370
138
1006
972
445
639
7
161
341
629
336
540
421
413
603
416
442
314
541
645
946
912
942
373
790
162
714
530
209
180
126
817
22
331
868
135
887
380
552
132
505
168
768
974
364
806
97
218
762
69
896
670
258
555
1015
710
328
890
554
411
37
452
1004
8
142
498
124
502
555
718
685
92
948
443
841
901
372
730
384
22
48
537
194
849
707
740
453
176
774
180
822
87
718
466
816
473
439
112
772
181
189
819
1018
858
464
216
140
777
870
435
73
986
493
86
950
817
386
362
895
161
262
29
756
77
1
230
713
60
823
608
585
126
773
649
170
618
494
294
877
843
637
884
142
602
579
457
697
903
999
796
770
60
19
480
448
669
6
403
929
907
817
410
54
318
1014
12
zAAAAAzzAzAzz,1 2 3 4 5 8 10,3
95
117
8
zzAzAAzzzAzzz,2 4 5 9,1
0
AzAzAzA,0 2 4 6,2
1
0
AzzAzzzAAAzzAAAzzAA,0 3 7 8 9 12 13 14 17 18,235
204
107
123
188
195
356
543
837
94
524
976
476
634
577
117
794
641
237
703
414
146
59
1005
636
528
793
395
446
566
422
514
739
395
202
159
963
796
986
988
592
268
242
174
933
552
806
453
725
729
802
212
457
303
354
487
876
520
335
558
660
610
388
915
122
413
721
128
697
53
482
1001
334
534
743
522
531
395
856
607
959
821
125
838
487
925
299
963
929
357
848
228
503
882
901
309
645
852
450
119
407
955
271
318
229
348
480
118
734
280
363
197
295
439
727
89
979
865
610
26
766
582
101
800
176
348
20
680
694
533
413
745
697
201
240
489
251
925
570
927
241
284
355
727
502
864
325
823
897
286
877
161
756
604
297
915
510
462
805
219
86
538
407
928
95
639
317
375
53
10
571
318
777
600
197
655
944
318
823
138
684
505
306
272
398
293
257
136
432
688
72
282
836
638
98
773
283
499
909
48
244
231
748
818
921
157
726
834
971
249
21
944
896
596
945
321
97
373
168
506
118
522
560
855
933
576
365
969
769
301
887
521
126
677
479
593
AzAAzzA,0 2 3 6,2
7
5
AAzAA,0 1 3 4,5
7
2
4
2
2
zAAAAzzAzzz,1 2 3 4 7,5
18
1
13
6
24
AzzAA,0 3 4,2
1
0
AzzAzAAAzAAzAzzAzzAz,0 3 5 6 7 9 10 12 15 18,130
677
573
387
598
184
205
376
61
248
545
490
980
621
699
986
251
965
1000
392
675
460
855
604
321
692
284
280
563
548
82
959
785
649
137
366
6
853
58
939
309
350
48
714
400
19
782
280
962
766
254
696
895
578
628
404
72
893
183
908
180
322
549
733
927
287
130
735
325
236
140
502
950
534
441
211
907
209
769
958
499
634
791
609
595
172
824
427
561
392
218
220
824
901
281
293
116
660
173
948
592
978
656
54
365
427
64
936
327
730
876
252
228
990
515
576
263
63
245
505
815
604
634
466
919
721
684
194
503
482
705
zAAAzAzAzAAAAzAzzA,1 2 3 5 7 9 10 11 12 14 17,424
774
1307
1206
56
501
239
523
638
1457
694
1800
1771
951
106
1980
389
700
258
1153
931
1238
485
751
173
1944
614
777
207
425
1720
1086
35
427
1109
950
421
1344
1244
441
1326
1299
518
293
1214
896
31
1719
251
1983
1469
813
1946
1763
1304
289
701
960
1771
2015
1777
1254
1323
1533
2029
1988
996
92
1583
176
1029
2009
1478
1560
738
1166
1226
1594
1787
550
604
1796
708
981
747
1727
1983
971
474
465
912
1112
2025
1487
564
1047
1079
1435
828
1478
151
1810
1821
1018
1803
1191
689
1985
1664
982
236
1394
1928
237
1440
939
56
297
230
1327
1265
123
647
773
2021
531
72
261
1456
1322
1124
1754
835
1335
1121
558
1233
1717
1800
791
180
1602
483
200
288
1276
71
844
524
42
1321
940
1934
703
1678
617
447
1126
710
1423
1983
179
515
111
1568
803
1791
2039
1939
1152
1001
518
1544
423
1631
542
424
1116
235
1976
1214
341
612
326
54
1941
1485
1754
1599
1745
1441
1552
1413
632
122
820
1879
1366
1888
901
957
1135
801
1949
852
1156
1733
76
1527
1920
1881
1268
1140
876
1268
128
181
1201
356
1881
180
71
1369
1627
1297
1997
1087
1129
132
204
915
298
1814
1530
1527
1545
1736
1490
32
1363
107
623
1938
1486
1306
1803
1679
1007
948
309
1252
1825
1878
409
163
869
1196
1455
712
577
1287
1842
1644
1208
829
56
1420
299
1908
17
1619
1059
736
10
1060
1149
1905
1037
61
1414
130
303
169
1680
609
1908
717
71
148
885
673
224
1254
1960
906
1584
150
707
137
1231
106
1701
373
1322
220
396
1734
1148
365
1
1884
1612
1044
616
1082
2045
1090
658
1656
236
235
1893
1809
1968
51
1226
1852
1116
1618
1289
1480
212
768
1496
723
1068
606
185
477
1578
1746
628
1355
1888
1140
268
1779
517
1445
26
2006
1012
887
15
1787
172
1742
1046
1136
195
1078
1080
786
1323
1770
869
131
1582
1570
71
409
736
1773
844
302
25
1314
1149
1781
908
1961
1862
1067
303
343
1354
353
1035
230
1065
1833
1459
1550
209
565
33
342
1156
2015
117
2004
1958
1205
976
364
100
1173
185
301
1543
580
1204
999
1485
527
1245
1368
1236
345
1599
1318
1053
1649
1824
2030
AAAzAAA,0 1 2 4 5 6,11
57
19
46
34
56
15
44
8
43
35
12
AzzAzzAAAAzzA,0 3 6 7 8 9 12,25
38
70
38
80
87
105
98
84
111
61
56
111
25
44
109
107
87
67
48
19
114
103
14
97
125
AAzzAzAzzAAAzA,0 1 4 6 9 10 11 13,17
159
225
235
174
18
21
77
177
155
212
78
92
114
190
247
245
0
AzAAA,0 2 3 4,2
13
6
zzzzAAAAAzzAA,4 5 6 7 8 11 12,25
25
25
27
61
113
110
17
45
30
64
123
9
118
3
68
6
125
124
58
99
49
77
82
7
79
AzzAAAzzzzAzzzzAzAAz,0 3 4 5 10 15 17 18,17
236
163
37
134
32
46
110
205
151
228
192
27
128
178
194
92
167
AAAAAzAAzAAzzA,0 1 2 3 4 6 7 9 10 13,279
807
526
599
263
142
828
619
845
389
763
163
373
680
917
92
507
53
113
550
473
231
434
107
844
4
531
527
632
780
207
853
190
310
45
87
264
573
596
35
94
775
632
211
926
198
13
466
540
399
223
1015
940
992
137
466
68
350
124
728
314
692
577
737
277
715
757
287
398
249
628
74
917
283
753
30
786
894
378
845
935
907
214
205
777
881
311
446
476
465
92
664
22
648
21
451
496
424
1003
300
191
579
469
246
529
641
304
893
635
498
503
214
210
20
297
876
679
303
710
1010
817
815
158
479
532
730
852
889
78
477
398
687
996
632
419
476
997
689
1016
524
25
424
361
606
383
116
373
629
632
640
594
60
237
134
23
885
766
709
453
823
169
257
322
759
378
528
391
114
832
836
167
845
931
275
932
616
125
578
735
642
392
960
132
486
279
867
163
756
858
703
926
534
839
336
753
557
871
725
920
456
462
866
790
994
854
488
181
869
296
209
307
829
464
778
469
567
110
36
1013
287
998
893
30
478
629
214
819
250
957
241
579
697
466
143
313
1006
241
84
356
484
874
174
673
861
228
571
95
131
228
690
174
311
158
951
330
610
339
701
655
551
362
383
732
862
291
582
573
637
92
753
399
626
843
583
423
308
59
456
11
777
AzzAzAAAz,0 3 5 6 7,5
10
19
14
8
10
AAzAzAAzAAzAAzAzAAz,0 1 3 5 6 8 9 11 12 14 16 17,331
1120
1063
1241
2129
1738
1873
2691
718
2372
1394
587
488
42
555
3055
412
1092
3538
1782
202
3853
1818
43
3044
1467
3094
659
3114
1233
3405
2874
942
2834
3815
2115
1349
850
1310
3967
1253
738
2897
1149
320
1011
4076
3728
1233
2065
1246
759
3691
1983
277
2604
2640
2231
3352
3302
284
199
2698
1280
2519
3850
2048
1236
132
1280
2430
664
3719
844
1673
4018
866
2921
358
1205
2485
2811
3804
3641
2588
1953
3996
1421
372
4019
402
719
87
2051
2221
544
2760
1977
2829
3695
3981
4004
3318
3422
1128
850
3504
3642
3345
1837
23
2449
1628
3498
1306
2708
1174
1603
978
3251
3515
3458
2808
1827
2779
3507
2519
2782
2905
3137
610
4055
873
2602
3683
523
423
3505
2874
1190
1547
371
3351
2275
1035
2373
2193
474
3353
2920
2903
331
456
3292
3706
380
1786
3800
452
1753
3413
2873
2312
3306
3116
124
412
2923
2305
1624
3312
1228
3693
14
715
3765
699
3701
3684
341
422
484
1109
138
1564
443
1410
1152
3211
483
379
731
3532
1773
3791
2319
1757
1250
1215
3569
3329
1764
2611
2059
2463
1552
873
2306
1137
1301
356
226
3616
130
499
1294
78
3078
4011
2929
1267
3738
1886
61
1829
127
2733
2937
3555
789
849
2416
3478
2444
1217
1967
1800
2812
630
3569
558
2994
2855
1849
762
1735
2297
251
411
2840
2192
3206
2530
3252
2030
2956
2920
382
77
372
4086
812
11
1767
3502
3431
3051
2195
3738
556
3872
2237
1226
220
313
1488
2527
2027
135
2100
632
1460
935
2667
2574
619
1703
1175
1272
1712
788
21
669
826
3501
2407
3543
1069
3190
3769
1097
3028
459
2553
2538
3785
3108
1112
3606
15
566
2354
1780
3476
677
1147
507
1802
2888
2346
1025
331
3668
534
831
2939
1898
678
1317
836
2929
3593
AAzzzzzAzz,0 1 7,1
0
zAAAzzzzAzAA,1 2 3 8 10 11,6
50
10
20
2
23
59
zzAAzzzAAA,2 3 7 8 9,9
4
13
16
5
24
14
8
1
4
zAAzAAAAAAzAz,1 2 4 5 6 7 8 9 11,84
427
119
311
296
169
439
174
182
421
192
14
290
148
184
30
391
330
122
470
507
178
503
212
335
407
261
272
75
427
253
303
248
352
23
426
53
20
373
191
240
77
172
47
266
66
258
471
201
437
400
437
412
433
450
166
81
4
164
450
191
396
406
285
85
340
313
206
141
162
309
432
380
292
322
29
58
240
491
35
14
7
239
423
120
zAAzzAzAzzzAzAAAzAz,1 2 5 7 11 13 14 15 17,29
224
358
410
335
90
346
8
343
108
482
485
367
106
161
172
203
49
50
318
262
31
257
34
497
145
469
116
327
464
AAAAAzzAA,0 1 2 3 4 7 8,8
0
54
83
124
39
98
44
100
AzzAzzAzAzAAzzzAAA,0 3 6 8 10 11 15 16 17,48
114
24
295
250
40
462
84
437
257
311
80
226
461
231
481
51
76
110
279
221
75
59
171
209
245
80
443
484
322
385
268
183
77
311
388
176
430
270
220
442
219
394
160
247
503
342
432
346
AAzAzAzAAzzAAA,0 1 3 5 7 8 11 12 13,58
505
221
491
5
325
176
37
240
77
281
152
428
367
305
376
2
193
397
158
239
237
40
112
460
354
41
347
431
453
496
105
491
184
466
430
382
418
37
315
259
309
317
251
431
128
407
90
345
395
226
7
230
324
218
497
119
44
297
zzzzAzAA,4 6 7,1
1
AzAAAAAA,0 2 3 4 5 6 7,21
53
30
58
17
60
26
7
110
123
108
111
60
7
120
54
30
2
103
46
46
38
zAAzzAAAzAAzA,1 2 5 6 7 9 10 12,44
224
7
16
3
186
87
171
119
143
202
99
158
224
16
199
85
40
239
9
160
10
141
238
62
75
77
76
101
246
169
176
82
156
132
14
247
35
221
195
117
60
205
114
150
AAzAzzzzAzAzAAAA,0 1 3 8 10 12 13 14 15,34
278
487
393
10
440
239
492
227
190
390
330
2
62
196
99
159
102
229
469
234
73
330
9
76
268
204
304
41
457
246
220
201
97
112
AAAAzAzAAAzAzAzAAAz,0 1 2 3 5 7 8 9 11 13 15 16 17,379
6340
6563
2469
7652
6597
2925
4547
2621
3726
7199
6987
1884
3292
4752
2757
4237
1624
2397
2797
7177
6108
6600
6365
7399
1807
2625
1229
3491
4578
1779
1749
7776
1154
3709
667
1153
4407
7571
1958
3248
723
4555
1457
1693
6583
5033
6129
4235
2300
5112
2698
1638
2371
2223
1877
3727
4137
1157
2354
4796
26
3288
3571
480
2840
7527
3441
535
2250
6895
7864
7080
6102
8185
7424
3526
2388
6386
2800
301
5430
4166
3052
2447
5032
1270
1357
1185
247
2117
998
5657
4099
7797
8066
1904
4090
1981
6304
4012
1093
4704
610
4102
3969
3844
5898
7942
7074
4786
843
4166
5848
1169
2751
1554
6659
1072
7943
7122
1100
3970
2237
6996
3394
494
5194
2031
4246
6433
922
7976
735
5073
582
570
7100
1158
1321
2472
7390
7622
575
4133
1060
4996
2492
4273
3858
5082
2079
86
1907
2501
7740
7670
8057
6815
4650
3302
554
172
280
7048
2794
3694
3446
4787
1852
5790
7797
123
6699
3181
1658
7269
4845
268
5257
7382
6642
2630
7162
3027
1197
1074
1797
6124
327
4917
6612
97
6935
7479
2428
1756
7006
1406
7534
5691
0
1941
6396
1535
4091
162
3520
1128
6567
5348
2135
2781
1647
4648
4531
2902
5397
2629
176
5308
3863
2757
4043
2930
7099
461
6891
6061
6708
1967
6908
5464
4129
6560
338
8117
7922
718
2691
3554
3658
5837
1127
317
1553
6321
499
3192
6929
783
4459
7121
2331
3458
6390
347
405
2096
3945
3134
889
813
134
3055
3234
918
7969
771
435
4682
7244
1796
1431
4274
458
2416
4853
847
7670
4835
5064
6890
1215
4091
687
4224
3501
2824
4052
4929
2232
2449
8089
7872
5620
4777
4985
2632
6469
7634
4990
3781
5410
7899
4342
2783
6469
7319
1401
2839
6495
4981
3232
5319
7783
2685
7491
1655
961
3105
5660
1840
2514
3921
4527
347
8029
7439
4002
2542
5282
3795
6778
2312
1041
3269
2621
7161
2255
7889
6118
6171
7540
5894
6017
4606
5910
7436
7609
1036
1720
4946
5887
6721
4144
6864
3651
60
1730
4790
2400
3727
3310
1870
2743
7717
1255
4023
3690
7445
827
7373
4577
6
4680
619
1007
4996
5857
zAAzAzAzzAAA,1 2 4 6 9 10 11,8
91
42
3
65
69
104
43
0
