15
11 4
20333 482921 196773 955855
790660 626100 85846 463199
392743 596164 392305 200310
742266 160657 665209 129976
826542 807919 121270 450656
345136 114683 30550 450425
105844 309824 307144 169779
331953 417882 564547 216813
162442 533772 524420 545707
36108 328837 699525 516198
555610 12238 116892 702230
15 1
331314
905096
187096
213052
851633
915974
747809
103745
329940
763946
367053
477
841080
538236
86046
21 20
458035 717929 147414 315363 731160 187722 701108 223847 518867 150936 562772 590816 548922 64889 157068 245736 803761 968213 430214 806664
230066 815973 371273 859574 762027 389083 355223 167482 311951 322130 629674 373438 925925 248145 733156 196036 295478 173418 326573 794180
587286 778813 316672 306112 705487 814220 759178 283267 524501 550440 331005 773192 745928 38832 327696 267618 457728 737553 272904 87914
740335 755438 253772 270387 43826 610066 416090 920132 273691 203809 736911 649402 349500 409494 159067 678144 42456 111528 104412 736289
600641 852493 419285 742824 573603 937534 996169 495875 76341 683862 603949 507215 460629 328587 952977 787692 489733 937501 192440 18903
157542 421782 524874 640817 948118 813718 709007 650008 235476 825881 670367 301952 487084 99672 246013 363880 309663 363560 480779 328611
129033 630996 638646 502654 692241 358630 765557 325872 406531 353878 399685 121617 322235 177451 296833 139783 448080 907190 856243 162615
539749 362343 133685 327111 778282 527337 203227 803475 829495 568698 9882 724514 743332 226798 117323 214954 791577 716900 612746 434000
640743 193537 862558 190258 771008 496918 76415 348141 608507 119281 208351 120802 866810 327768 103194 59290 155859 873432 262651 476755
370697 687529 304117 278337 225386 576428 888157 298774 647074 635850 454793 614002 449543 330361 63154 312490 902710 96932 417225 567308
207700 557771 101337 608274 736625 198242 720081 385216 554552 91576 880559 748111 781014 71108 293681 404221 963463 228690 665302 66702
535226 783060 278366 255129 308274 340343 521737 850161 401915 668796 52505 14645 895773 162496 473428 422940 365156 574252 479236 861697
901607 596305 42531 424178 915693 892671 673068 477301 245462 944904 903075 741105 118371 5687 34019 851070 858898 749487 344635 304261
551830 179701 485251 227741 524760 904702 135550 698296 169282 800860 88447 511014 528471 167180 982328 657350 501624 683408 622380 804139
848463 906854 292660 300079 852411 707793 94564 971413 279284 335228 464893 985025 296368 217583 710402 514891 544563 497039 15503 402853
633996 302883 912879 76655 522602 552802 226392 244939 672626 217524 701745 607280 469611 425769 647998 569223 348953 48506 806480 14822
60107 762455 785851 660967 465841 671261 444420 725624 80964 101531 517290 285265 223089 204275 405745 729211 468098 960084 162966 257332
820704 846242 339190 4251 688886 33904 357553 376010 634977 514391 734840 173911 396783 989449 602636 826641 132592 633469 594718 611918
460339 451186 648319 172492 129434 889385 3854 104080 989557 386932 188605 126361 311565 397611 240384 86657 723139 679569 764061 597482
18632 985846 668564 407525 794102 977550 904398 374959 503945 788230 221976 222474 69353 252848 869278 860013 994928 477309 620597 847039
654630 890090 483909 170028 568761 554680 50454 679692 73454 731973 725937 866305 931445 99926 257132 329464 340709 828250 45235 611514
2 13
736638 255124 846094 691318 913116 562004 539210 351784 483422 584525 889440 964734 381879
374926 145964 441598 637487 580599 902228 285138 982166 712538 976992 678775 943290 255068
12 8
124538 874074 93909 16887 332275 329127 505550 630867
192058 112176 927785 630418 5428 88972 758884 974640
979659 388324 222646 130410 321577 78842 805740 710561
757817 687120 159804 269248 145562 727113 734009 764016
601114 832056 774288 436811 409993 385962 369847 273341
907895 665784 838613 980159 427275 114492 517654 939057
729782 627141 656266 791948 160404 301475 723124 310066
846910 389877 369233 300957 875113 167349 539220 699547
101375 743820 253666 282185 255777 882827 939739 211426
829024 944210 151922 452141 369770 437483 454936 758987
525103 64325 923387 525923 903365 260558 139794 421928
706054 170721 693865 521455 619179 818491 720309 500072
27 15
374439 701952 296413 626876 532502 465715 175537 82907 330113 199573 308109 156139 504713 814143 286740
755492 986526 772995 540737 63957 726440 671064 778058 511174 289931 210791 514409 135892 212665 82573
654706 614812 314811 294209 259085 889029 898825 296879 266678 742883 917991 626632 522532 614847 488322
139548 505886 371174 220843 645165 845538 558669 591499 749252 990843 505197 926214 523808 769499 576000
355040 762552 539617 755657 555269 539215 942147 94520 971033 577114 899472 295194 800163 913575 168455
542880 415534 959066 353698 71063 584088 47670 260366 132059 897168 972718 624746 884411 970881 624492
984687 694874 517237 407951 859620 724878 969628 570134 899548 377065 708220 918323 519656 349751 626865
216655 984485 346940 936174 59097 476732 376964 945831 376690 265391 356011 456125 523475 928807 42411
90276 851027 194263 643299 522945 175147 912478 405628 663870 636382 201634 911390 887330 468204 280638
733724 639990 577865 339619 502978 517159 310757 953409 839958 611907 857718 544979 953598 303705 302427
305244 531877 931208 573843 448694 882083 629760 315742 773923 620030 726071 705052 754400 119403 295010
261147 757074 715691 914007 885443 738747 158026 552167 586226 960266 421934 851781 659867 57342 259965
257834 78078 61587 244831 50391 895061 109569 486675 764921 387396 406487 355800 165900 469696 869933
71616 81377 499868 965009 362413 705152 835294 458263 527042 458422 247012 260568 101414 344090 40115
479855 64502 63979 46452 734511 603425 679500 107669 542879 819722 508526 219240 848324 911898 5470
527790 953888 237275 745185 741779 572631 468437 700163 593812 123215 905950 302157 794791 547213 513395
92368 502869 265873 445945 685877 971564 440485 446387 497462 705604 587005 972261 90957 650292 210939
843170 988503 581814 108760 792938 72829 165896 796003 22526 730346 975505 941003 18737 617203 543431
530113 260320 751363 31377 230266 195941 304981 892610 103777 807486 799877 207322 833884 750895 843443
772671 823052 325415 591820 154466 567045 286762 585855 382592 296076 699701 703743 293996 603232 213769
883514 238350 749187 893905 489167 374994 966625 981519 650714 648167 259498 315946 742181 793799 861138
156296 678861 353987 244194 403961 524537 971398 218785 203871 746129 645497 423151 71594 188059 599456
409720 423339 312960 449607 419716 475213 969502 271704 238687 831823 871884 630524 357737 915138 778763
561930 181120 943522 630283 765469 498913 534552 636233 376087 377523 588169 698560 417998 637898 88369
20347 396942 260309 285799 689615 116066 399765 658784 747013 758365 654076 354376 457272 603959 140892
880602 694702 174984 383706 754080 686832 274087 257895 453234 455563 998184 277686 896466 67714 601332
582322 694629 64971 134720 499475 702819 583872 401903 964484 181544 784464 726646 136025 494223 442707
47 19
814561 393197 716019 69642 478207 75562 552907 343283 741815 90026 28992 303748 411745 180060 626882 133899 776287 859155 764053
532563 387176 270237 444694 987647 825332 790040 687768 893841 502650 461452 237603 144487 708230 939636 574678 664703 600996 642793
493952 134187 300364 428547 194901 389809 438526 185031 382066 602665 823333 227429 482049 781770 12863 258796 553252 746939 399663
988245 52119 193422 232478 597408 760033 146885 223842 153579 206757 88068 380943 245458 929953 63121 218658 988320 491927 588140
295987 380740 185967 895997 279293 121216 270445 760082 708809 76861 201042 563865 444707 359206 721161 545706 1088 360086 665177
821513 51846 918454 955504 87457 410581 540708 928013 21588 702325 335757 113916 128905 382977 386838 930474 630720 699471 902615
914948 673218 452102 793586 142275 878980 770640 917173 871368 882743 98595 115994 328252 290939 4938 105045 865235 321064 284524
722833 184022 354022 374211 424485 810791 747142 286739 72712 612624 55928 480207 232810 547700 565316 758486 901000 384470 945079
168271 505190 370182 300317 854069 934834 942767 278988 187852 641545 204219 530415 76198 690837 309170 540633 373810 831133 93164
860045 854746 502964 219211 265664 638521 148824 279033 403287 646952 876457 326584 275423 768848 176250 44532 620341 258249 339226
818160 748015 902758 780930 332202 658960 501460 766196 801721 133666 572633 721733 661134 874727 173920 726279 660085 40014 294514
695462 356804 732233 474135 952209 818923 237490 651713 126866 129256 161531 359344 442034 477532 964172 756951 32572 357388 516222
954290 589650 240018 208073 213614 133981 241451 940583 632967 589295 950739 687552 505685 728750 547560 887717 43575 779937 365343
490059 865383 458731 828197 877864 723365 61100 90076 266166 860644 747516 827434 336890 276861 887959 682223 796016 157564 929736
625877 243718 974871 772572 301975 338347 910445 173774 685663 531456 355854 658243 92167 176382 522736 547756 170152 512530 763892
556727 999398 197081 250231 760622 676003 153354 646897 524381 240929 454340 522364 63705 677746 194538 941279 658930 786370 497251
741921 487846 757753 11453 57999 555954 549288 563863 322493 220143 329385 181074 705478 205968 614496 346882 528244 366147 50424
904233 400333 537913 518732 308644 210466 166975 843908 876987 860910 718922 859605 280592 856911 160648 629089 854990 779054 422251
501957 111527 904703 29422 839620 474625 610548 199444 237637 351484 635455 556242 207541 321884 305326 890065 292730 45821 495252
491934 77452 703623 574725 849766 858140 899731 432610 463373 834323 877082 800010 930246 692204 717511 303375 308811 170048 818160
368396 364893 442932 931506 837378 309761 382627 447282 806833 720933 666923 731012 808052 775557 650494 826737 690747 76252 833833
532217 182645 604412 207140 446410 11573 114643 390480 206878 217029 623390 788596 168857 507511 949171 969893 919444 154755 146907
603601 985488 308979 398296 398325 190507 549613 224281 971099 193335 888525 58963 446559 537048 669347 534048 643145 242902 429877
701624 598647 753415 944488 584102 574090 593401 220366 958539 373243 95546 987196 367873 796306 960935 99561 852271 900409 192065
337146 527837 814060 799365 96130 949575 88662 975162 691511 826121 919393 242713 690642 79011 999327 231629 642321 356268 18988
132870 535099 446583 740021 188219 44644 202915 17137 717904 148566 554139 119731 950839 913261 68095 226808 547282 56032 818334
354683 204655 981993 247918 659917 357687 811932 142856 249927 363258 528878 859390 882852 325149 100261 731751 440014 357899 396521
547038 349453 580849 660353 43317 197243 760256 41218 520102 773740 576691 89811 869489 189129 327428 766308 195131 996645 21951
157091 559508 741014 781374 257967 281925 62948 768004 619952 461642 296487 231000 125817 995162 930868 759896 583017 471705 377953
747075 893918 421166 292270 901268 521322 503716 654357 659793 295911 85062 18550 849480 837693 107540 36330 318027 443307 716132
423291 608395 289755 182847 20653 145702 132891 894681 168530 324800 397484 794471 163356 982074 991233 930602 876743 790412 553952
710791 734026 128895 716610 696362 618592 541100 360112 944369 620147 813225 82846 924655 672662 553529 842172 67632 735155 589104
417812 60641 628018 602807 964350 848185 898931 529514 918739 715333 562360 240512 839020 607875 908490 610335 651317 742160 539663
701823 228186 978556 609970 946217 709612 701401 751102 289679 358683 581406 188518 281860 380158 345208 601142 601627 138998 54203
281765 641867 633931 185027 438532 180315 497152 771930 84524 375992 597776 634233 100752 741981 58221 369238 350420 180967 241631
102764 386394 439247 431506 585680 425570 54887 900786 730222 751823 493760 659919 260698 970257 149021 700833 7630 591906 779038
716553 433739 730019 706162 573745 218085 66408 737510 175258 57319 330155 127196 886596 563592 545463 145652 385819 355785 17278
254712 587045 82355 631043 585680 827840 162533 946018 335460 161714 978596 997136 400767 723573 695763 100900 828789 300163 712645
45780 873523 108540 368451 959241 73420 131918 166326 304968 970611 453729 860705 102406 521998 463061 306406 46807 738399 956040
93597 92123 532659 908999 360862 932644 547734 53775 487586 502396 971488 286348 676337 651199 987828 459866 479786 813010 378466
569459 658743 991515 893444 713371 631839 554770 346685 563897 658514 264450 33136 590087 393276 531887 926702 20561 98173 901481
736129 238446 873833 657668 900878 474203 900433 762575 279222 860058 336260 944225 736630 961150 288249 781672 496082 574950 13792
157204 171921 924329 550681 7088 628740 951736 747444 236980 52976 968634 717396 160545 327094 102189 912665 752704 565632 174228
126115 443277 285789 584079 570601 557558 597222 33774 556606 988618 200654 449745 911301 485856 567835 892159 129983 695202 127143
426443 144212 816708 431397 746439 475533 952315 453954 52161 316183 763169 896826 540588 495893 397299 335196 557988 324214 619478
979037 72474 242013 426203 860486 366841 520005 246917 252505 497669 161890 173039 290121 174597 345104 421251 576774 67587 757523
11626 457390 661876 655990 130052 506633 935908 199771 5052 743103 565398 231166 940835 956163 285356 228911 826884 603501 792040
49 3
304945 521842 594240
100100 181762 617891
509953 861807 68965
842953 518539 834917
558751 676736 31296
472913 74050 769483
780241 6298 775782
445379 729813 604816
421844 301091 232568
450109 164749 38243
697954 41851 275282
367358 510390 40394
529664 195981 915826
414936 575509 579340
546032 170876 705454
934900 678228 263641
30218 2947 783426
395940 912834 677337
207893 236169 364531
337375 307797 134077
832395 450452 173666
117774 112410 67079
176028 75217 8372
996975 568359 742758
520075 828714 197879
876320 309777 284929
783580 915989 245327
407412 135648 972484
482064 152220 153090
775413 393777 864760
56724 319874 929085
898566 380967 622794
732734 496256 453633
688263 827131 816262
393638 390663 596814
520690 238977 915265
687290 372398 870573
804284 659008 59134
910356 740410 856616
712976 847744 44854
602781 680456 858580
443395 80397 778434
78953 308498 205867
638061 553613 125973
227253 801006 71937
389027 109319 602044
999947 884106 500536
517673 133561 430
968658 672019 267801
50 18
660743 585111 517486 930810 31840 699288 811024 288613 658746 107612 725485 439856 444851 199828 127147 750147 860459 641170
340147 312648 144783 251927 181645 671465 648390 781803 220497 667938 775036 204683 813620 617554 553150 543925 206307 834565
943221 506538 221762 741002 152337 743915 571419 266219 643423 907137 618663 191361 514766 116276 773090 258485 413001 812288
437829 138390 7339 766582 646310 273327 84390 680415 738432 974048 157642 467317 732972 627741 755631 539723 912360 24226
763545 518887 732126 221148 554964 779227 26883 569441 849625 8703 957586 595101 580993 910401 208565 887913 170728 52167
178535 486665 174861 876593 67225 659371 591355 381098 104846 926256 9856 693402 407998 557042 571989 719258 635609 330836
61831 803740 223524 548650 156807 823050 617762 439861 373142 325480 837527 115051 977785 667201 841922 840146 598945 622600
354175 890222 227104 209991 649612 289906 931871 490844 647450 622683 140539 285900 712840 912102 940693 197019 743238 153273
492876 473154 208742 649384 101807 255696 479969 183685 120910 912125 731094 458233 296437 95394 692073 570076 89927 180466
282223 317194 689812 71918 16920 429455 912837 548634 277590 774236 614519 765872 104583 437835 424627 974196 147544 597380
48145 42424 616984 913782 149596 769728 799763 368225 651202 489117 881412 80107 699480 649653 492397 638809 24737 434739
585682 165781 802355 505698 718023 92380 683730 256725 675958 88490 974605 436904 710776 414031 683841 764036 742290 287467
845954 12103 80579 417242 854006 857722 948352 32029 806838 461176 564710 658048 782351 836443 390948 683943 393359 447886
430660 45617 830080 624646 449090 128282 802343 79230 938594 590441 522870 317672 942273 370110 449327 323886 559448 33870
978765 389972 704873 669348 462934 202070 888801 892405 530682 649082 974513 832888 335129 375092 246275 917611 914469 591437
605335 433792 8275 952834 930378 789121 220757 956479 57945 467368 688577 121285 73391 184774 326366 183894 215412 825646
748623 549858 140668 195672 848951 141374 549986 11553 702507 315002 350257 402135 390782 729188 81583 588673 112338 238117
691125 939447 662084 3089 590030 780751 822066 473745 686216 94481 587975 822154 890640 539388 151547 123891 787192 830074
100159 763350 820862 520454 978062 936925 172584 594049 432224 938628 865926 329117 206650 84617 578334 91037 978653 887387
464302 280298 643494 70611 797497 761700 372192 782619 381128 592423 452534 452569 628700 898332 135431 365948 917629 158820
336531 678993 337269 454205 223603 183308 176791 895540 924852 629067 778381 255853 732344 368548 163859 10933 699475 860620
883469 270390 965009 65703 983894 87859 600150 220119 594466 103990 788545 252520 964644 527091 668349 462850 99334 227549
770416 957714 663222 414600 60008 342945 789988 97523 410560 152776 635264 665560 542967 742015 242769 164761 901480 445684
885851 475184 141033 480284 843919 648868 356199 263075 681891 915559 584073 985133 341762 885286 605094 657053 3325 92799
528533 337151 313415 499444 989757 940707 192947 650629 605769 109270 262473 849489 8994 820107 636548 41444 313406 626522
944984 884365 565699 751641 349936 394072 454198 132132 633859 667278 381400 397803 230574 46299 408328 314804 879712 645825
591368 725627 804779 984407 87799 595625 898803 593182 622113 200905 724704 714414 792637 303546 354766 402252 735809 132351
900713 195228 562455 726791 148451 431608 856734 417005 761016 158007 102180 77262 234107 973478 701103 287883 565433 409417
285762 948124 248280 292807 889195 847119 175270 684313 330657 873886 423440 318213 942738 960212 775941 130921 7444 987013
532843 273992 895050 76601 657848 947563 373292 512072 582881 547569 246736 110761 225341 563736 758663 941597 114788 682086
886892 19068 568094 977049 739844 246408 860908 752988 224898 687966 409104 169455 472408 287840 928501 618529 812784 525879
595588 33466 984769 372997 178089 60891 667618 376588 539463 433010 662919 306847 934743 705179 277210 975585 565406 22504
677915 792290 793206 160898 306525 976938 299463 962731 970138 206411 450772 239229 101136 588307 838790 851051 609081 157848
683698 391320 358267 561506 54733 489763 517769 686821 998379 280347 4414 486463 475395 947084 868449 843664 680061 475736
114226 163215 407863 578322 230977 468948 131284 284252 555152 350271 720345 938040 809785 685369 275033 372749 63648 70845
947865 619765 743214 844703 836888 608866 569085 584060 847115 191515 782677 818509 32597 629772 412566 610233 226397 626839
185171 136207 612341 352864 673940 760679 911884 992244 301232 398406 302748 581655 748977 630268 142786 50487 445679 730938
261876 141811 470990 447413 856277 531076 341636 122963 602449 144566 342144 548366 596037 70974 616097 299773 411270 912875
72577 422426 114952 966970 522282 4627 75938 479183 577823 485366 815129 742530 116155 441397 21026 485557 523498 23429
413138 616590 857240 94748 343388 988933 132491 525114 49857 360606 729411 34762 568080 134430 949608 523924 107254 461339
340198 933237 308419 639733 328322 950700 165391 685742 641880 343019 485546 666076 609985 521996 874329 529621 27486 239618
638187 508188 474461 121582 330012 196499 372575 276996 708012 68846 817143 860998 132937 169206 848069 609083 994033 809556
790362 720023 434550 492254 600998 863924 398026 253368 797124 815571 605050 710399 99085 641009 847532 274343 825852 686245
736051 69446 230832 666723 933808 837486 340252 149616 878473 113854 585348 713092 527486 999070 426190 291257 321174 442685
70392 395092 536801 766654 576704 800268 363685 683911 411204 100796 50137 204106 653345 598551 297431 421159 560666 207603
291105 490363 353710 827044 651785 958393 68322 74180 246782 10123 546229 841544 876561 573545 767715 165737 426540 133480
433748 639444 799761 78250 576774 427710 114626 540277 693412 705070 105711 298732 2862 693795 310235 218854 522525 15188
968988 479390 207422 746757 906570 513450 175556 74858 512392 47012 839761 198516 809473 634488 631906 80375 400570 364177
33638 508528 429967 561374 96899 312821 491183 326786 345438 155129 724649 882939 550692 316096 481226 776806 610317 659774
991071 342884 655034 822823 724606 715366 918790 214807 853637 384992 79664 991872 798576 982571 949587 20869 653074 335054
36 12
118355 219990 136956 879373 675506 733244 665506 862367 831128 422981 952028 47587
325542 309586 63084 821494 716968 967272 335230 687847 467468 574262 356040 643494
686229 226341 948675 828134 238919 251949 337591 888174 835271 880701 429490 250510
515478 972049 963266 498045 159463 720563 197881 60107 144393 755166 360825 620174
811898 629810 819440 752703 58056 786300 891799 578542 762655 424997 5274 996304
347502 586954 551087 488715 51175 551918 868533 192296 421182 871140 754223 5567
581892 238253 879222 862561 296143 72320 153880 697235 668607 531129 745444 239889
954982 664560 205348 328617 83971 501897 412196 865395 89585 78862 609471 205043
158247 252646 300386 464316 962054 635462 205842 712702 445933 414872 562901 518067
938103 355999 996710 344230 695202 131581 543657 751029 49587 822180 185100 789216
944331 670179 538039 159594 4394 42600 670160 824565 774329 177844 957384 47292
107312 665982 400552 591501 89195 234580 694955 245041 534106 81678 93087 795010
244481 485122 85696 661734 945885 802449 119371 352515 584403 377001 558324 775147
795235 845706 82880 661830 917829 576259 34961 142910 629035 16039 878840 35397
361098 890350 303170 314209 189077 666872 16876 708908 636643 663502 808584 472451
162373 888824 6784 957698 840917 265237 73348 568157 78804 824899 361170 622480
447353 65570 846144 135475 764185 414174 68936 48253 351287 233065 459695 311954
984093 61012 555332 415954 580517 799883 640768 385298 976887 344606 506906 351374
245754 924057 727140 908126 916931 563756 618751 545894 581532 139181 383660 272113
858708 533273 607795 457158 587485 506352 571081 470890 945933 532456 758805 724028
919398 57296 549580 912479 480333 472113 301349 258142 687696 70964 412387 360958
208338 40066 327674 750346 443990 690287 830676 948797 598274 63609 429875 869918
480901 873585 993285 841756 607748 816913 539994 620347 96018 576967 218230 363885
794591 909329 143078 783794 17066 54398 62091 591405 461081 840251 450284 612306
309573 900876 96944 932985 67669 614142 308599 149050 736696 162931 384509 501362
54517 516540 817929 254427 305387 412255 136404 141172 666908 550040 499532 879103
811204 974285 171236 904630 468123 885947 602087 44470 998457 394477 66073 91009
671557 582186 608714 760839 102081 165184 688339 218083 249445 219731 832686 112451
723782 950991 653879 451137 172556 781230 344476 762524 679156 604987 863723 9110
355727 841259 363962 821073 496641 444447 47245 166922 212493 46340 175048 911388
455530 628023 429786 874436 825415 491037 467767 804722 459408 297978 310785 799480
435564 916832 370511 222469 17544 439362 311321 107489 551093 267378 957143 688755
126251 497397 871635 884273 934718 434474 770424 885361 760267 879958 768860 847574
20766 738129 839367 77705 837337 215261 655201 749725 106359 318528 868751 811579
471606 700044 312559 212549 274397 43447 152268 618845 772955 754116 208097 594686
879023 190389 883257 643070 208269 606285 166635 293676 338812 380945 30326 122496
19 7
983941 598465 871847 26221 944636 139091 24575
108601 564216 540048 839527 293028 676876 157876
540347 980589 948968 639761 349112 173104 780382
787780 996626 282240 607881 40277 415291 978919
745512 203855 241911 123529 807531 834823 771416
332062 181417 315987 688023 400538 909892 690894
945727 936219 360733 237555 119468 718242 336226
970448 453887 684675 95207 689300 225925 342663
93264 772822 284735 216580 695687 918071 162705
791443 539579 84760 867991 138853 321655 473411
997060 406229 831652 542543 486493 247180 127606
44212 67965 727264 580635 739113 224838 63960
143948 740865 361108 645340 755834 868154 765763
410885 588816 546338 689464 109111 551323 2664
504083 263713 515178 617205 349507 945354 598252
425343 846428 480930 975725 734784 473564 442393
558600 127057 875466 801434 671319 47032 754106
636525 948152 867829 858997 816373 570116 957747
186750 216019 113994 445143 543667 151939 534259
45 8
314923 543268 616505 991710 797416 824731 687967 258336
449958 795623 764051 701208 295351 251283 253332 648571
802484 927154 204110 69718 676959 576794 644722 264271
182634 237766 698220 617096 451597 913938 368525 225918
502652 218820 636833 64177 386096 38102 381432 287992
560384 705747 835592 233925 415652 131553 133204 372223
334430 219192 753728 267026 578703 937989 836801 418276
60671 797963 89242 772409 257852 231592 469279 535056
940675 600240 407112 669226 949077 400555 143023 692461
331986 813654 14088 850201 464537 859682 345145 348334
138736 671231 158769 748086 76755 876244 226177 992451
691597 859236 989059 414872 811406 465871 917976 573322
373586 449961 789698 918521 885447 270411 716671 633982
26150 754379 789101 297671 495853 166415 827010 982410
833225 668271 557797 489382 197159 834602 514419 60327
223121 930792 556805 772814 997960 810483 248464 209395
27722 75945 721706 468994 52722 881434 496272 293895
523093 871542 684934 781014 670170 491403 785284 659191
996108 813616 803633 592436 268557 502119 541867 780966
397237 556133 940608 442412 855312 732426 473510 849237
172729 18796 43473 864665 647562 830830 848420 200293
46960 183524 479630 124976 415407 221930 639632 740198
373862 147599 502704 35249 151845 718214 436996 446195
735073 561569 362987 390699 136511 995074 889326 330229
141000 848546 712920 670549 6554 578679 659213 17214
556062 482436 926248 551605 665670 589849 420528 673785
941615 21533 848 890589 222996 552156 906732 234186
763304 240024 761399 895247 932740 34219 78489 140106
899026 369213 16281 271948 941521 831194 918111 418216
93016 378679 500498 700936 390650 404040 417355 333444
71045 498607 555359 688646 157857 110871 361436 393908
448519 168637 307567 227880 910031 78979 542512 212262
169164 660482 228754 164704 4501 930135 159085 311556
783208 181150 503705 400560 527102 869262 535467 113869
7032 158766 686467 746385 338975 486728 45746 299337
717589 182869 768374 320195 238661 183105 870260 74248
630905 987807 152391 715908 447046 797034 509140 311464
117463 168244 348411 582853 702899 798233 726414 917076
200503 337993 808906 739378 47169 197078 158287 92720
787750 207027 975917 286958 149416 561278 820038 686302
138861 109474 190495 19718 365465 15318 224208 374426
134235 221684 260108 908878 197018 629741 130843 651738
906856 549339 508329 169087 149965 292683 668282 236402
57274 349584 159246 344472 339378 918287 304131 355480
683668 610431 370425 613597 266330 357771 965128 144365
25 1
945346
806558
758318
827408
509937
244886
399898
432652
182197
720120
747505
167425
480530
199598
154057
233349
808642
69785
124217
901362
291455
622096
27847
443013
367381
47 6
606352 192284 579246 727443 930250 691450
727046 998426 153224 683476 840627 498761
844351 932347 100376 250502 859613 431753
926360 693806 375492 637069 582523 643183
388324 515024 941152 167096 18603 479220
192947 808009 377021 944773 605766 698567
981641 772170 799920 655667 174128 826706
439515 514224 864687 912270 996526 422559
108248 317150 438247 346634 25073 771647
603666 405433 715021 401674 347929 91157
191889 557881 959702 19792 901043 433891
670634 858532 520922 703956 871315 971257
257864 978948 43206 676366 955454 284241
402355 325661 301750 430020 114154 438655
864330 111967 532959 897040 677001 848310
238683 177470 640040 832751 471521 712832
764818 168100 999405 296111 118573 85019
597629 568043 39024 682410 901260 34200
795235 479468 623219 329990 834913 86002
841218 125791 971967 170973 846811 148317
638110 811185 658178 426624 274884 628184
987400 762245 512993 179518 608669 571847
323714 817385 99045 409080 527084 907215
885656 851842 18639 605809 257288 887072
943995 821929 215025 693013 632675 369542
314637 897610 812498 804934 200063 765829
973558 601325 927671 467369 196459 237325
306309 980546 63183 236579 1029 450135
138277 829961 241698 607913 723701 828041
443227 772927 745514 159303 711608 821871
152557 945557 888750 886900 957690 26585
728903 287910 97993 211710 832799 183679
318808 575101 734920 470404 168128 964442
433634 93951 719117 538894 825160 526394
259134 770985 22960 867091 400863 194626
16906 33664 179962 847966 504053 140295
803831 647917 132536 315666 1502 955773
782823 358652 383725 587441 584860 136583
687757 9218 367302 287091 272189 830811
266407 935515 388281 105727 514058 540949
355706 960391 391031 904371 515461 512593
109825 968107 248824 911432 735186 612154
711652 862642 22567 700421 59178 842708
620103 772004 257421 361637 271295 505417
964224 133576 460668 415105 721638 934396
751370 570000 464901 464648 325157 364955
206488 749300 88145 112438 820773 615061
17 10
45760 174393 482300 508877 601254 647470 266173 475913 392519 69708
279171 674784 32096 666148 353919 555297 731706 24743 128589 612018
31458 24729 549115 89598 549508 326547 13754 879741 615584 795530
46149 526614 812953 98325 75080 854666 432591 891537 711967 24262
402226 526916 255389 933466 476567 836707 958902 407714 624493 492365
284403 600097 743777 339902 800167 139646 678302 958849 168099 569037
770770 246456 331777 319450 731224 840548 780271 743851 425634 183635
622634 994216 526580 750708 463277 387147 62083 101922 511011 265118
49764 375560 776669 782403 223899 465957 425653 446110 789412 746571
154738 692543 720511 504017 85843 11316 182695 250379 860300 418468
807537 185856 451860 473515 571209 376728 274123 195024 336824 337041
415800 344574 661328 333296 116049 587815 720131 239273 272503 122753
428789 923999 696182 478671 823958 874340 922396 633985 19227 320134
251247 520813 596415 732080 286388 792947 984382 263858 990288 258277
330064 308849 890628 855654 909762 536545 621448 800748 874705 926733
472987 25847 653301 18594 611549 779258 119681 598984 167645 965311
481472 710135 9132 366955 752332 338316 941642 42323 682819 12356
